0.033	31
0.083	49
0.115	32
0.147	31
0.177	30
0.228	50
0.26	32
0.292	32
0.338	46
0.369	31
0.405	36
0.436	31
0.467	31
0.498	31
0.529	31
0.561	31
0.592	31
0.629	37
0.661	32
0.703	42
0.736	33
0.767	31
0.799	32
0.832	33
0.863	31
0.894	31
0.926	32
0.957	31
1.007	50
1.04	33
1.071	31
1.102	31
1.14	38
1.174	34
1.205	31
1.236	31
1.283	47
1.317	34
1.348	30
1.378	30
1.41	31
1.458	48
1.49	32
1.522	32
1.553	31
1.602	49
1.634	32
1.666	31
1.697	31
1.751	54
1.787	36
1.817	30
1.851	34
1.903	52
1.936	33
1.97	33
2.001	31
2.033	32
2.064	31
2.094	30
2.125	30
2.155	30
2.187	32
2.222	35
2.255	33
2.288	33
2.319	31
2.35	31
2.382	32
2.412	30
2.443	31
2.474	31
2.507	33
2.538	31
2.572	34
2.604	32
2.635	31
2.666	31
2.697	31
2.728	31
2.759	31
2.791	31
2.845	54
2.877	32
2.911	34
2.943	31
2.997	54
3.029	32
3.06	31
3.091	31
3.122	31
3.154	32
3.238	84
3.299	61
3.331	32
3.362	31
3.402	40
3.457	54
3.499	42
3.53	31
3.56	30
3.599	38
3.635	36
3.722	87
3.762	40
3.802	39
3.852	50
3.892	40
3.932	40
3.974	42
4.012	38
4.052	40
4.092	40
4.132	40
4.172	40
4.212	40
4.259	47
4.292	33
4.332	40
4.372	40
4.416	44
4.452	36
4.492	40
4.532	40
4.572	40
4.612	40
4.652	40
4.691	39
4.755	64
4.788	33
4.91	122
4.963	53
5.022	59
5.081	58
5.122	41
5.171	49
5.202	31
5.241	39
5.274	32
5.305	31
5.338	33
5.37	31
5.423	53
5.453	30
5.484	31
5.516	32
5.547	31
5.58	33
5.613	33
5.644	31
5.675	30
5.706	31
5.777	71
5.808	31
5.839	31
5.886	47
5.92	34
5.952	32
5.994	42
6.054	60
6.087	32
6.119	32
6.166	47
6.211	45
6.244	33
6.275	31
6.306	31
6.338	32
6.369	31
6.403	34
6.465	62
6.518	53
6.549	31
6.583	33
6.624	41
6.676	52
6.707	31
6.739	31
6.772	33
6.827	55
6.859	32
6.89	31
6.922	32
6.958	36
7.001	43
7.042	41
7.078	36
7.133	55
7.166	33
7.197	31
7.229	31
7.26	31
7.298	38
7.373	75
7.404	31
7.441	37
7.474	33
7.505	31
7.536	31
7.568	32
7.604	36
7.635	31
7.675	40
7.706	31
7.737	31
7.768	30
7.801	32
7.831	30
7.863	31
7.895	32
7.931	36
7.962	31
8.014	52
8.116	102
8.187	71
8.224	37
8.299	75
8.343	44
8.419	76
8.519	100
8.564	45
8.651	87
8.732	81
8.764	32
8.807	43
8.863	56
8.912	49
8.968	56
9.009	41
9.042	33
9.116	74
9.258	142
9.291	33
9.346	55
9.393	47
9.425	32
9.455	30
9.487	32
9.55	63
9.948	398
10.112	164
10.469	357
10.528	59
10.56	32
10.591	31
10.622	31
10.659	37
10.708	49
10.895	187
11.212	317
11.491	279
11.566	75
11.622	56
11.667	45
11.717	50
11.75	33
11.786	36
11.819	33
11.874	55
11.906	32
11.937	30
11.968	30
12.005	37
12.036	31
12.067	31
12.098	31
12.129	31
12.164	35
12.202	38
12.233	31
12.265	32
12.296	31
12.33	34
12.362	32
12.392	30
12.424	32
12.455	31
12.499	44
12.532	33
12.563	31
12.595	31
12.626	31
12.658	32
12.693	35
12.724	31
12.755	31
12.814	59
12.847	33
12.879	32
12.911	32
12.964	53
12.995	31
13.034	39
13.066	31
13.12	54
13.152	32
13.184	31
13.223	39
13.275	52
13.308	32
13.34	32
13.371	31
13.402	31
13.443	41
13.474	31
13.505	31
13.537	32
13.583	46
13.615	32
13.647	32
13.678	31
13.724	46
13.757	33
13.789	32
13.82	31
13.873	52
13.905	32
13.937	32
13.97	33
14.025	55
14.058	33
14.09	32
14.121	31
14.174	53
14.206	32
14.237	31
14.269	32
14.323	54
14.355	32
14.413	58
14.451	38
14.493	42
14.525	32
14.557	32
14.589	32
14.627	38
14.66	33
14.691	31
14.722	31
14.776	54
14.806	30
14.837	31
14.868	31
14.905	37
14.936	31
14.967	31
14.998	31
15.029	31
15.081	51
15.113	32
15.144	31
15.178	34
15.231	53
15.263	32
15.294	31
15.326	31
15.384	58
15.416	32
15.449	33
15.488	38
15.592	104
15.702	110
15.734	32
15.765	31
15.797	32
15.828	31
15.86	32
15.891	31
15.923	32
15.954	31
16.003	49
16.055	52
16.089	34
16.121	31
16.153	32
16.197	44
16.228	31
16.26	32
16.292	32
16.327	35
16.401	74
16.433	32
16.465	32
16.498	33
16.533	35
16.566	32
16.602	36
16.677	75
16.812	135
16.844	32
16.875	31
16.912	36
16.983	71
17.014	31
17.045	31
17.077	32
17.113	36
17.162	48
17.199	37
17.231	32
17.27	39
17.319	49
17.351	32
17.382	31
17.42	37
17.475	54
17.506	31
17.537	31
17.569	32
17.627	58
17.661	34
17.693	31
17.729	36
17.782	52
17.814	32
17.846	32
17.878	32
17.933	55
17.966	33
17.998	32
18.035	37
18.09	55
18.125	35
18.156	31
18.192	36
18.241	49
18.274	33
18.318	44
18.349	31
18.391	42
18.425	34
18.495	70
18.543	48
18.575	32
18.606	31
18.637	31
18.67	33
18.7	30
18.734	34
18.767	33
18.806	39
18.855	48
18.897	42
18.938	41
18.976	38
19.018	41
19.073	54
19.137	64
19.206	69
19.247	41
19.286	39
19.327	40
19.367	40
19.406	39
19.451	45
19.49	39
19.546	56
19.586	39
19.645	59
19.688	43
19.744	56
19.875	131
19.952	77
20.144	192
20.66	516
20.817	157
20.866	49
21.056	190
21.09	34
21.125	35
21.224	99
21.434	210
21.476	42
21.508	32
21.538	30
21.569	31
21.601	32
21.633	32
21.665	32
21.698	33
21.735	37
21.786	50
21.821	35
21.854	33
21.886	32
21.928	42
21.962	34
21.992	30
22.026	34
22.061	35
22.093	32
22.123	30
22.156	33
22.19	34
22.222	31
22.253	31
22.285	32
22.318	33
22.349	31
22.401	52
22.439	38
22.47	31
22.502	32
22.555	53
22.59	35
22.625	35
22.656	30
22.708	52
22.743	35
22.775	32
22.806	31
22.859	53
22.893	34
22.925	32
22.956	31
23.016	60
23.053	37
23.084	31
23.116	31
23.167	51
23.199	32
23.231	32
23.262	31
23.295	33
23.326	31
23.36	34
23.391	31
23.423	32
23.463	39
23.494	31
23.526	32
23.561	35
23.592	31
23.629	37
23.671	42
23.703	32
23.734	31
23.785	51
23.818	33
23.854	36
23.885	31
23.938	53
23.971	33
24.004	33
24.034	30
24.065	30
24.098	33
24.132	34
24.164	32
24.196	32
24.247	51
24.282	35
24.326	44
24.358	31
24.4	42
24.44	40
24.471	31
24.503	32
24.551	48
24.586	34
24.62	34
24.651	31
24.704	53
24.746	42
24.791	44
24.837	46
24.881	44
24.916	35
24.956	39
24.998	41
25.037	38
25.076	39
25.117	41
25.156	39
25.201	44
25.236	35
25.276	40
25.317	40
25.356	39
25.397	41
25.437	40
25.477	40
25.516	39
25.557	40
25.596	39
25.657	60
25.697	40
25.737	39
25.768	31
25.8	32
25.832	32
25.863	31
25.895	31
25.927	32
25.959	32
25.99	31
26.023	33
26.054	31
26.086	32
26.125	38
26.156	31
26.188	32
26.229	41
26.275	46
26.313	38
26.344	31
26.375	31
26.43	55
26.464	34
26.497	33
26.535	38
26.585	50
26.618	33
26.65	32
26.703	53
26.736	32
26.774	38
26.805	31
26.841	36
26.882	41
26.913	31
26.945	32
26.975	30
27.028	53
27.061	33
27.092	31
27.124	32
27.178	54
27.21	32
27.242	32
27.273	31
27.305	32
27.336	31
27.367	31
27.398	31
27.43	31
27.482	52
27.529	47
27.561	32
27.592	31
27.63	38
27.663	33
27.694	31
27.728	34
27.76	31
27.791	31
27.822	31
27.853	31
27.885	32
27.916	31
27.95	33
27.981	31
28.013	32
28.044	31
28.091	47
28.123	32
28.162	39
28.196	34
28.231	35
28.263	31
28.295	31
28.326	31
28.362	36
28.394	32
28.426	31
28.463	37
28.496	33
28.527	31
28.558	31
28.589	31
28.628	38
28.659	31
28.691	32
28.724	33
28.882	158
28.915	33
28.946	31
28.978	32
29.058	80
29.092	34
29.127	35
29.159	32
29.194	35
29.225	31
29.256	31
29.287	31
29.319	32
29.399	80
29.442	43
29.473	31
29.505	32
29.544	39
29.576	32
29.608	32
29.64	32
29.671	31
29.71	39
29.742	32
29.774	32
29.808	34
29.843	35
29.874	31
29.909	35
29.943	34
29.974	31
30.005	30
30.048	42
30.083	35
30.116	33
30.157	41
30.191	34
30.264	73
30.308	44
30.341	33
30.372	31
30.408	36
30.462	54
30.571	109
30.639	68
30.694	54
30.748	54
30.792	44
30.825	33
30.856	31
30.887	31
30.921	34
30.952	31
30.984	32
31.016	32
31.053	35
31.094	41
31.126	32
31.157	31
31.188	31
31.246	58
31.278	32
31.36	82
31.391	31
31.424	33
31.46	36
31.492	32
31.536	44
31.567	31
31.599	32
31.63	31
31.662	32
31.709	47
31.744	35
31.777	33
31.815	38
31.847	31
31.887	40
31.918	31
31.95	32
32.024	74
32.056	31
32.088	31
32.121	33
32.255	134
32.286	31
32.324	38
32.356	32
32.407	51
32.439	32
32.473	34
32.504	31
32.558	54
32.592	34
32.634	42
32.666	32
32.708	42
32.739	31
32.781	42
32.818	37
32.857	39
32.893	35
32.937	44
32.974	37
33.011	37
33.048	36
33.078	30
33.111	32
33.166	55
33.202	36
33.281	79
33.435	154
33.482	47
33.516	34
33.555	39
33.604	49
33.666	62
33.848	182
34.055	206
34.336	281
34.636	300
34.849	213
34.9	51
34.969	69
35.019	50
35.049	30
35.083	34
35.115	32
35.15	35
35.221	71
35.254	32
35.305	51
35.342	37
35.378	36
35.409	31
35.454	45
35.504	50
35.546	42
35.581	35
35.614	33
35.65	36
35.682	32
35.718	36
35.788	70
35.878	90
35.922	44
35.973	51
36.068	95
36.173	105
36.206	33
36.25	43
36.287	37
36.332	45
36.367	35
36.407	40
36.488	81
36.527	39
36.567	40
36.607	40
36.647	39
36.687	40
36.731	43
36.776	45
36.817	41
36.861	44
36.897	36
36.937	39
37.013	76
37.067	54
37.109	42
37.167	58
37.207	40
37.248	41
37.287	39
37.338	51
37.378	40
37.42	42
37.457	37
37.501	43
37.54	39
37.61	70
37.647	37
37.686	39
37.732	46
37.769	36
37.818	49
37.861	43
37.899	38
37.935	36
38.064	129
38.11	46
38.162	52
38.197	35
38.23	33
38.315	85
38.348	33
38.434	86
38.472	38
38.508	36
38.541	33
38.572	31
38.606	34
38.654	48
38.691	37
38.741	50
38.774	33
38.827	53
38.862	35
38.893	31
38.925	32
38.981	56
39.014	32
39.048	34
39.079	31
39.116	36
39.147	31
39.18	33
39.214	34
39.249	34
39.31	61
39.344	34
39.382	38
39.414	32
39.455	41
39.493	38
39.526	33
39.559	33
39.61	51
39.657	47
39.701	44
39.733	32
39.806	73
39.853	47
39.89	37
39.921	31
39.969	48
40.015	46
40.049	34
40.083	34
40.126	43
40.16	34
40.192	31
40.224	32
40.274	50
40.312	38
40.343	31
40.374	31
40.427	53
40.466	39
40.498	32
40.529	31
40.591	62
40.663	72
40.742	79
40.775	33
40.81	35
40.841	31
40.882	41
40.919	37
40.955	36
40.986	31
41.016	30
41.076	60
41.109	33
41.141	32
41.178	37
41.238	60
41.27	32
41.301	31
41.333	32
41.379	46
41.425	46
41.456	31
41.488	32
41.52	32
41.553	33
41.592	39
41.623	31
41.655	32
41.69	34
41.722	32
41.754	31
41.793	39
41.825	32
41.858	33
41.904	46
41.942	37
42.031	89
42.152	121
42.424	271
42.698	274
42.864	166
42.95	86
42.982	31
43.023	41
43.065	34
43.199	134
43.47	271
43.524	54
43.555	31
43.599	44
43.633	34
43.666	33
43.697	31
43.751	53
43.798	47
43.83	32
43.862	32
43.905	43
43.943	37
43.974	31
44.014	40
44.059	45
44.097	38
44.132	35
44.165	33
44.212	47
44.251	38
44.283	31
44.315	32
44.364	49
44.396	32
44.428	32
44.459	31
44.513	54
44.547	34
44.579	32
44.609	30
44.663	54
44.694	31
44.725	31
44.757	32
44.803	46
44.889	86
44.92	31
44.951	31
44.982	31
45.013	31
45.045	32
45.076	31
45.111	35
45.141	30
45.172	31
45.203	31
45.234	31
45.287	53
45.318	31
45.349	30
45.38	31
45.411	31
45.443	32
45.476	33
45.514	38
45.546	32
45.578	32
45.611	33
45.642	31
45.673	31
45.705	32
45.85	145
45.885	35
45.92	35
45.951	31
45.981	30
46.012	31
46.06	48
46.093	33
46.125	32
46.156	31
46.213	57
46.249	36
46.281	31
46.312	31
46.342	30
46.374	31
46.405	31
46.437	32
46.471	34
46.518	47
46.551	33
46.586	35
46.618	32
46.67	52
46.711	41
46.742	31
46.774	32
46.827	53
46.858	30
46.894	35
46.925	31
46.977	52
47.01	33
47.042	32
47.072	30
47.106	34
47.138	32
47.169	31
47.202	33
47.233	31
47.265	32
47.296	31
47.326	30
47.363	37
47.395	31
47.447	52
47.478	31
47.51	32
47.54	30
47.572	32
47.603	31
47.634	31
47.664	30
47.695	31
47.732	37
47.768	36
47.801	33
47.834	33
47.865	31
47.911	46
47.943	32
47.979	35
48.026	47
48.062	36
48.094	32
48.125	31
48.156	31
48.187	31
48.219	32
48.25	31
48.282	32
48.313	31
48.364	51
48.395	31
48.429	34
48.461	32
48.514	53
48.546	32
48.578	32
48.609	31
48.643	34
48.674	31
48.705	31
48.737	32
48.768	31
48.799	31
48.855	56
48.905	50
49.042	137
49.089	46
49.12	31
49.151	31
49.226	74
49.257	30
49.288	30
49.32	32
49.352	32
49.393	41
49.426	33
49.515	89
49.546	31
49.578	31
49.61	32
49.641	31
49.674	33
49.706	32
49.738	32
49.77	32
49.801	31
49.833	32
49.864	31
49.895	31
49.926	31
49.956	30
49.988	32
50.019	31
50.05	31
50.09	40
50.122	32
50.164	42
50.199	35
50.23	31
50.261	31
50.314	53
50.346	32
50.378	32
50.409	31
50.44	31
50.471	31
50.502	31
50.533	31
50.609	76
50.641	32
50.671	30
50.703	32
50.742	39
50.779	36
50.813	34
50.844	31
50.97	126
51.001	31
51.032	31
51.112	79
51.145	33
51.176	31
51.21	34
51.243	33
51.281	38
51.315	34
51.347	32
51.379	32
51.424	45
51.456	32
51.488	32
51.52	32
51.552	32
51.619	67
51.651	32
51.683	32
51.714	30
51.746	32
51.777	31
51.809	32
51.843	34
51.874	31
51.906	32
51.942	36
51.974	32
52.006	32
52.045	39
52.077	32
52.109	31
52.14	30
52.171	31
52.202	31
52.234	31
52.267	33
52.299	32
52.351	52
52.384	33
52.415	31
52.446	31
52.506	60
52.539	33
52.57	31
52.602	32
52.632	30
52.664	31
52.696	32
52.727	31
52.759	32
52.813	54
52.847	34
52.878	31
52.909	31
52.942	33
52.973	31
53.004	31
53.036	32
53.068	32
53.123	55
53.158	35
53.189	30
53.221	31
53.253	32
53.284	31
53.315	31
53.346	31
53.377	31
53.428	50
53.461	32
53.492	31
53.523	31
53.578	54
53.612	33
53.724	112
53.765	41
53.8	35
53.832	31
53.863	31
53.902	39
53.935	33
53.966	31
53.997	31
54.029	32
54.062	33
54.094	32
54.125	31
54.155	30
54.187	31
54.219	32
54.25	31
54.281	31
54.327	45
54.358	31
54.394	36
54.501	107
54.711	210
54.763	52
54.85	87
55.234	384
55.44	198
55.471	31
55.511	39
55.543	32
55.591	48
55.623	32
55.657	33
55.688	31
55.732	44
55.779	47
55.81	31
55.841	31
55.887	46
55.937	50
56.058	121
56.319	261
56.419	100
56.453	34
56.488	35
56.52	32
56.553	33
56.585	32
56.616	31
56.647	31
56.685	38
56.717	32
56.749	32
56.78	31
56.811	31
56.882	71
56.913	31
56.951	38
56.982	31
57.013	31
57.061	48
57.094	33
57.138	44
57.17	32
57.205	35
57.237	31
57.268	30
57.299	31
57.33	30
57.362	32
57.393	31
57.424	31
57.455	31
57.487	31
57.522	35
57.554	31
57.627	73
57.662	35
57.698	36
57.729	30
57.762	33
57.813	51
57.845	32
57.876	31
57.911	35
57.943	32
57.976	33
58.009	33
58.041	32
58.074	33
58.109	35
58.139	30
58.171	31
58.202	30
58.244	42
58.276	32
58.309	33
58.34	31
58.372	32
58.404	32
58.44	36
58.473	33
58.504	31
58.536	32
58.568	32
58.599	31
58.631	32
58.662	31
58.693	31
58.724	31
58.791	66
58.822	31
58.854	32
58.885	31
58.93	45
58.962	32
58.995	33
59.027	32
59.06	33
59.095	35
59.129	34
59.162	33
59.21	48
59.242	32
59.273	31
59.304	31
59.335	31
59.367	32
59.405	37
59.436	31
59.469	33
59.511	42
59.545	34
59.577	32
59.61	33
59.664	54
59.696	32
59.727	31
59.759	32
59.812	53
59.845	32
59.878	33
59.91	31
59.959	49
59.991	32
60.023	31
60.054	31
60.086	32
60.119	33
60.165	46
60.196	31
60.227	31
60.26	33
60.292	32
60.324	32
60.357	33
60.412	55
60.444	32
60.475	31
60.519	44
60.567	48
60.682	115
60.795	113
60.826	31
60.857	31
60.888	31
60.922	34
60.953	31
60.984	31
61.015	31
61.046	31
61.078	32
61.109	31
61.146	37
61.177	31
61.21	33
61.251	41
61.337	85
61.368	31
61.407	39
61.445	38
61.479	34
61.51	31
61.551	41
61.584	33
61.614	30
61.645	31
61.697	52
61.731	34
61.77	39
61.809	39
61.85	41
61.889	39
61.929	40
61.97	41
62.011	41
62.049	38
62.089	40
62.129	40
62.171	42
62.209	38
62.249	40
62.389	140
62.43	41
62.469	39
62.519	50
62.57	50
62.609	39
62.649	40
62.689	40
62.729	40
62.761	32
62.796	35
62.827	31
62.874	47
62.906	32
62.937	31
62.973	36
63.004	31
63.036	32
63.072	36
63.103	31
63.134	31
63.177	43
63.211	34
63.244	33
63.277	32
63.331	54
63.365	34
63.396	31
63.43	34
63.485	55
63.518	33
63.55	32
63.58	30
63.614	34
63.645	31
63.678	33
63.71	32
63.742	32
63.791	49
63.825	34
63.857	32
63.887	30
63.924	37
63.954	30
63.995	40
64.026	31
64.057	30
64.088	30
64.119	31
64.151	32
64.182	31
64.215	33
64.248	33
64.28	32
64.311	31
64.341	30
64.373	32
64.408	35
64.44	31
64.472	31
64.509	37
64.54	30
64.571	31
64.603	32
64.643	40
64.675	32
64.712	37
64.743	31
64.775	31
64.806	31
64.842	36
64.887	45
64.92	33
64.95	30
64.982	32
65.026	44
65.058	32
65.089	31
65.121	32
65.152	31
65.185	33
65.216	31
65.247	31
65.284	37
65.328	44
65.361	33
65.392	31
65.423	30
65.455	31
65.486	31
65.518	32
65.549	31
65.579	30
65.634	55
65.666	32
65.698	32
65.73	32
65.783	53
65.815	32
65.847	32
65.879	32
65.933	53
65.966	33
66.001	35
66.033	31
66.089	56
66.121	32
66.152	31
66.183	31
66.232	49
66.266	34
66.297	31
66.328	31
66.359	31
66.391	31
66.423	32
66.455	32
66.485	30
66.516	31
66.555	39
66.587	32
66.618	31
66.65	32
66.681	31
66.713	32
66.743	30
66.775	32
66.809	34
66.848	39
66.882	34
66.913	31
66.944	31
66.98	36
67.018	38
67.05	31
67.082	32
67.115	33
67.155	39
67.232	77
67.265	32
67.301	36
67.333	31
67.364	31
67.395	31
67.427	32
67.459	32
67.498	39
67.53	32
67.562	32
67.603	41
67.635	32
67.666	31
67.7	34
67.732	32
67.763	31
67.799	36
67.844	45
67.874	30
67.908	34
67.94	32
67.972	32
68.007	35
68.06	53
68.092	32
68.123	31
68.154	30
68.185	31
68.216	31
68.247	31
68.279	32
68.311	32
68.345	34
68.377	32
68.409	32
68.44	31
68.472	32
68.503	31
68.534	31
68.565	31
68.596	31
68.627	30
68.678	51
68.709	31
68.741	31
68.772	31
68.828	56
68.861	33
68.892	31
68.929	37
68.987	58
69.019	32
69.05	31
69.081	31
69.123	42
69.154	31
69.185	31
69.218	32
69.249	31
69.3	51
69.334	34
69.365	31
69.397	31
69.444	47
69.477	33
69.508	31
69.539	31
69.615	76
69.651	36
69.682	31
69.713	31
69.773	60
69.807	34
69.84	32
69.872	32
69.926	54
69.958	32
69.989	31
70.02	30
70.055	35
70.086	31
70.119	33
70.161	42
70.194	33
70.241	47
70.273	32
70.304	31
70.336	32
70.368	31
70.403	35
70.437	33
70.47	33
70.501	31
70.532	31
70.564	32
70.597	33
70.629	32
70.67	41
70.702	32
70.733	31
70.769	35
70.802	33
70.833	31
70.865	32
70.897	32
70.929	32
70.96	31
70.991	31
71.031	40
71.062	31
71.099	37
71.132	32
71.168	36
71.2	32
71.232	31
71.265	33
71.318	53
71.35	32
71.383	33
71.417	34
71.472	55
71.507	35
71.539	32
71.573	34
71.626	53
71.657	31
71.689	31
71.721	32
71.752	31
71.784	31
71.816	32
71.848	32
71.88	32
71.926	46
71.958	32
71.989	31
72.021	32
72.052	31
72.084	32
72.115	30
72.147	32
72.178	30
72.209	31
72.241	32
72.273	32
72.324	51
72.355	31
72.392	37
72.427	34
72.458	31
72.489	31
72.524	35
72.554	30
72.585	31
72.617	32
72.649	32
72.7	51
72.732	32
72.764	31
72.794	30
72.825	31
72.856	31
72.887	31
72.919	32
72.963	44
73.009	46
73.042	33
73.073	31
73.109	36
73.16	51
73.191	31
73.224	33
73.258	34
73.314	56
73.347	33
73.378	31
73.41	32
73.441	31
73.475	34
73.506	31
73.537	31
73.568	31
73.625	57
73.656	31
73.687	31
73.723	36
73.756	33
73.787	31
73.819	32
73.85	31
73.883	33
73.915	32
73.946	31
73.977	31
74.009	31
74.04	31
74.092	52
74.124	32
74.155	31
74.186	31
74.218	32
74.255	37
74.288	33
74.319	31
74.353	34
74.409	56
74.44	31
74.471	31
74.502	31
74.534	32
74.566	32
74.597	31
74.628	31
74.66	32
74.716	56
74.748	31
74.78	32
74.815	35
74.87	55
74.902	32
74.937	35
74.976	39
75.028	52
75.069	41
75.1	31
75.147	47
75.25	103
75.285	35
75.377	92
75.447	70
75.482	35
75.522	40
75.553	30
75.609	55
75.642	33
75.675	32
75.71	35
75.761	51
75.794	33
75.826	32
75.857	31
75.91	53
75.944	34
75.98	36
76.013	33
76.046	33
76.081	35
76.115	34
76.151	36
76.183	31
76.215	32
76.247	32
76.278	31
76.311	33
76.343	32
76.386	43
76.431	45
76.462	31
76.493	31
76.54	47
76.584	44
76.63	46
76.663	32
76.696	33
76.734	37
76.769	35
76.829	60
76.863	34
76.897	34
76.929	32
76.96	31
77.007	47
77.04	33
77.102	62
77.134	32
77.165	31
77.199	33
77.236	37
77.267	31
77.307	39
77.34	33
77.372	32
77.403	31
77.455	52
77.488	33
77.519	31
77.551	31
77.601	49
77.634	33
77.665	30
77.697	32
77.73	33
77.762	32
77.807	45
77.839	32
77.87	31
77.902	32
77.94	38
77.972	32
78.003	31
78.063	52
78.095	32
78.126	31
78.157	31
78.214	57
78.251	37
78.284	33
78.316	32
78.367	51
78.399	32
78.433	33
78.467	34
78.517	50
78.549	32
78.586	37
78.619	32
78.67	51
78.713	43
78.745	32
78.775	30
78.818	43
78.864	46
78.895	31
78.926	31
78.964	38
78.996	32
79.026	30
79.067	41
79.1	33
79.135	35
79.168	33
79.211	43
79.242	31
79.284	42
79.316	32
79.358	42
79.391	33
79.444	53
79.478	34
79.509	31
79.54	30
79.575	34
79.608	33
79.64	32
79.671	31
79.704	33
79.747	43
79.783	36
79.815	32
79.85	35
79.898	48
79.943	45
79.976	33
80.011	35
80.083	72
80.167	84
80.225	58
80.277	52
80.323	46
80.356	33
80.396	40
84.396	4000
84.461	65
84.514	53
84.579	63
84.659	80
84.791	132
84.832	41
84.892	60
84.93	38
84.962	31
84.994	32
85.056	62
85.103	47
85.138	34
85.176	38
85.215	39
85.297	82
85.338	41
85.369	31
85.41	40
85.446	35
85.485	39
85.518	33
85.552	34
85.585	33
85.618	33
85.737	119
85.777	40
85.809	32
85.84	31
85.889	49
85.922	33
85.953	31
85.984	31
86.015	31
86.046	31
86.083	37
86.116	33
86.147	31
86.179	31
86.211	32
86.247	36
86.278	31
86.309	31
86.36	51
86.452	92
86.486	34
86.526	40
86.561	35
86.592	31
86.625	33
86.685	60
86.718	33
86.749	31
86.781	32
86.835	54
86.88	45
86.921	41
86.953	32
86.993	40
87.053	60
87.085	31
87.138	53
87.176	38
87.209	33
87.245	36
87.29	45
87.321	31
87.353	32
87.385	32
87.431	46
87.464	33
87.496	32
87.526	30
87.576	50
87.608	32
87.639	31
87.671	31
87.702	31
87.733	31
87.766	33
87.803	37
87.834	31
87.873	39
87.905	32
87.936	31
87.972	36
88.006	34
88.037	31
88.069	32
88.1	31
88.133	33
88.165	32
88.199	34
88.231	32
88.263	32
88.296	32
88.328	32
88.361	32
88.4	39
88.431	31
88.464	33
88.498	34
88.53	32
88.562	32
88.594	32
88.639	45
88.674	35
88.706	32
88.753	47
88.791	38
88.823	32
88.855	32
88.887	32
88.928	41
88.968	40
89.0	31
89.037	37
89.071	34
89.104	33
89.136	32
89.168	32
89.204	35
89.235	31
89.28	45
89.313	33
89.347	34
89.378	31
89.43	52
89.464	34
89.497	33
89.527	30
89.625	98
89.657	32
89.688	31
89.719	31
89.773	53
89.804	31
89.836	31
89.867	31
89.922	54
89.956	34
89.988	32
90.023	35
90.077	54
90.108	31
90.139	30
90.171	31
90.228	57
90.262	34
90.294	32
90.331	37
90.398	67
90.432	34
90.466	34
90.498	32
90.557	59
90.613	55
90.65	37
90.685	35
90.723	38
90.755	31
90.801	46
90.843	42
90.885	42
90.918	33
90.955	37
90.986	30
91.02	34
91.052	32
91.084	32
91.116	32
91.15	34
91.183	33
91.215	32
91.249	34
91.287	37
91.318	31
91.354	36
91.386	31
91.417	31
91.448	31
91.486	38
91.529	43
91.569	40
91.601	32
91.632	31
91.663	31
91.695	32
91.733	38
91.766	33
91.834	68
91.87	36
91.902	31
91.965	63
92.003	38
92.038	35
92.072	34
92.127	55
92.173	46
92.209	36
92.241	32
92.309	68
92.377	68
92.424	47
92.478	54
92.526	48
92.558	32
92.594	36
92.634	40
92.685	51
92.718	32
92.753	35
92.793	40
92.825	32
92.86	35
92.896	36
92.943	47
92.977	34
93.016	39
93.048	32
93.105	57
93.138	33
93.17	32
93.202	32
93.234	32
93.283	49
93.319	36
93.354	35
93.398	44
93.447	49
93.481	34
93.523	42
93.565	42
93.607	42
93.645	37
93.683	37
93.717	34
93.77	53
93.809	39
93.842	33
93.881	39
93.912	31
93.946	34
93.982	35
94.017	35
94.088	71
94.119	31
94.153	33
94.187	34
94.245	58
94.283	38
94.319	36
94.354	35
94.4	46
94.437	37
94.492	55
94.528	36
94.561	33
94.593	32
94.626	33
94.657	31
94.706	49
94.745	39
94.779	33
94.815	35
94.862	47
94.913	51
94.951	38
94.994	43
95.027	33
95.073	46
95.108	35
95.145	37
95.18	35
95.212	32
95.246	34
95.278	32
95.332	54
95.366	33
95.398	32
95.43	32
95.492	61
95.527	32
95.559	31
95.615	56
95.655	40
95.69	35
95.763	73
95.798	35
95.841	43
95.877	36
95.917	40
95.949	31
96.029	80
96.079	50
96.138	59
96.216	78
96.266	50
96.349	83
96.387	37
96.474	86
96.548	74
96.579	31
96.63	51
96.703	72
96.742	38
96.819	77
96.86	41
96.897	37
96.945	48
97.0	55
97.057	57
97.111	54
97.144	33
97.176	32
97.208	31
97.256	48
97.335	79
97.403	68
97.462	59
97.646	184
97.693	47
97.79	97
97.909	119
97.945	36
98.023	78
98.084	60
98.115	31
98.148	32
98.188	39
98.227	39
98.26	33
98.29	30
98.342	52
98.373	31
98.406	33
98.438	32
98.47	32
98.504	34
98.536	32
98.568	32
98.599	31
98.644	45
98.676	32
98.708	32
98.74	32
98.795	55
98.826	31
98.862	36
98.894	32
98.944	50
98.983	39
99.02	37
99.051	31
99.083	32
99.119	35
99.155	36
99.206	51
99.239	33
99.27	31
99.301	31
99.331	30
99.362	30
99.396	34
99.428	32
99.459	31
99.49	31
99.521	31
99.552	31
99.587	35
99.631	44
99.662	31
99.706	44
99.738	32
99.769	31
99.8	31
99.836	36
99.868	32
99.9	32
99.932	32
99.976	44
100.02	43
100.053	33
100.085	31
100.116	31
100.147	31
100.179	32
100.211	32
100.246	35
100.277	31
100.329	52
100.363	34
100.396	33
100.428	32
100.481	53
100.513	32
100.545	32
100.576	31
100.608	32
100.639	31
100.673	33
100.703	30
100.735	32
100.766	31
100.798	32
100.832	34
100.864	32
100.895	30
100.927	32
100.962	35
100.994	32
101.025	31
101.07	36
101.114	43
101.149	35
101.182	32
101.228	46
101.262	34
101.294	31
101.335	41
101.373	38
101.403	30
101.434	31
101.466	32
101.498	31
101.534	36
101.565	31
101.598	32
101.629	31
101.66	31
101.692	31
101.725	33
101.764	39
101.8	36
101.831	31
101.863	32
101.899	36
101.939	40
101.971	32
102.004	33
102.036	31
102.067	31
102.103	36
102.137	34
102.182	45
102.214	32
102.246	32
102.278	32
102.332	54
102.366	34
102.403	37
102.434	31
102.485	51
102.522	36
102.554	32
102.586	32
102.634	48
102.67	36
102.703	33
102.737	34
102.791	54
102.823	32
102.855	32
102.887	32
102.921	34
102.955	34
102.986	31
103.017	31
103.05	33
103.097	47
103.13	33
103.161	31
103.194	33
103.246	52
103.278	32
103.31	32
103.341	31
103.371	30
103.402	31
103.434	31
103.469	34
103.501	32
103.545	44
103.576	31
103.608	32
103.643	35
103.706	63
103.743	37
103.775	32
103.806	31
103.839	33
103.87	31
103.903	32
103.933	30
103.964	31
103.996	32
104.028	32
104.071	43
104.102	31
104.133	31
104.175	42
104.207	32
104.238	31
104.272	34
104.314	42
104.347	33
104.379	32
104.41	31
104.443	33
104.488	45
104.52	32
104.552	31
104.582	30
104.613	31
104.646	33
104.68	34
104.712	32
104.743	31
104.791	48
104.822	31
104.854	32
104.887	32
104.918	31
104.956	38
104.989	32
105.02	31
105.052	32
105.094	42
105.126	31
105.16	34
105.192	32
105.244	52
105.277	33
105.309	32
105.339	30
105.37	30
105.401	31
105.433	32
105.467	34
105.498	31
105.53	31
105.562	32
105.628	65
105.661	33
105.693	32
105.724	31
105.756	32
105.79	34
105.823	33
105.869	46
105.9	31
105.932	32
105.964	32
105.997	33
106.029	31
106.06	31
106.091	31
106.123	32
106.163	40
106.195	32
106.244	49
106.275	31
106.312	37
106.348	35
106.379	31
106.412	32
106.463	50
106.496	33
106.527	31
106.558	31
106.597	39
106.63	33
106.662	32
106.697	35
106.73	33
106.765	35
106.8	35
106.83	30
106.875	45
106.916	41
106.951	35
106.982	31
107.013	31
107.058	45
107.09	32
107.124	33
107.156	32
107.209	53
107.246	36
107.277	31
107.312	35
107.367	53
107.398	31
107.431	33
107.462	31
107.509	46
107.543	34
107.575	32
107.609	34
107.744	135
107.811	67
107.859	48
107.901	41
107.94	38
107.979	39
108.02	41
108.06	40
108.1	39
108.14	40
108.179	39
108.22	40
108.26	40
108.3	40
108.34	40
108.381	41
108.419	38
108.469	49
108.522	53
108.559	37
108.6	41
108.643	43
108.701	58
108.745	44
108.779	34
108.819	40
108.862	42
108.9	38
108.941	41
108.98	39
109.02	40
109.06	40
109.1	40
109.14	40
109.184	44
109.221	37
109.26	39
109.299	39
109.339	39
109.379	40
109.419	40
109.481	61
109.52	39
109.565	45
109.614	49
109.67	56
109.713	43
109.758	45
109.82	62
109.873	53
109.92	47
109.96	40
110.004	44
110.039	34
110.09	50
110.15	60
110.222	72
110.268	45
110.341	72
110.384	43
110.429	45
110.47	41
110.518	48
110.565	47
110.629	64
110.669	40
110.729	60
110.762	32
110.819	57
110.858	39
110.889	31
110.938	49
110.97	32
111.003	33
111.037	34
111.074	37
111.122	48
111.153	31
111.185	32
111.217	32
111.275	58
111.309	34
111.362	53
111.394	31
111.436	42
111.47	34
111.501	31
111.571	70
111.612	41
111.643	31
111.677	34
111.719	42
111.76	40
111.8	40
111.839	39
111.89	50
111.933	43
111.98	46
112.02	40
112.059	38
112.099	39
112.141	41
112.18	39
112.225	45
112.259	34
112.3	40
112.36	60
112.4	40
112.439	39
112.479	39
112.52	40
112.561	41
112.6	39
112.639	39
112.696	56
112.74	42
112.773	33
112.805	32
112.843	38
112.88	36
112.911	31
112.945	34
112.999	54
113.031	32
113.063	32
113.107	44
113.152	45
113.188	36
113.219	31
113.251	32
113.306	55
113.338	32
113.373	35
113.405	31
113.459	54
113.523	64
113.562	39
113.621	59
113.654	33
113.692	38
113.723	31
113.79	67
113.829	39
113.87	40
113.919	49
113.96	40
114.009	49
114.12	110
114.202	82
114.239	37
114.318	78
114.423	105
114.48	57
114.52	40
114.581	61
114.619	37
114.659	39
114.702	42
114.75	48
114.785	35
114.818	33
114.85	32
114.903	53
114.939	36
114.97	31
115.0	30
115.033	33
115.064	31
115.096	32
115.127	31
115.158	31
115.248	90
115.281	33
115.313	32
115.344	31
115.375	31
115.407	32
115.439	32
115.47	31
115.502	32
115.558	56
115.59	32
115.623	33
115.654	31
115.685	30
115.716	31
115.746	30
115.778	32
115.809	31
115.855	45
115.887	32
115.918	31
115.95	32
115.981	31
116.016	34
116.047	31
116.077	30
116.11	33
116.174	64
116.206	32
116.239	33
116.27	31
116.326	55
116.361	35
116.392	31
116.424	32
116.478	54
116.51	32
116.541	31
116.573	32
116.604	31
116.636	32
116.666	30
116.698	32
116.731	33
116.762	31
116.794	32
116.827	33
116.859	32
116.893	34
116.958	65
117.007	48
117.045	36
117.082	37
117.124	42
117.155	31
117.187	32
117.218	31
117.267	49
117.3	33
117.333	33
117.365	32
117.417	52
117.448	31
117.481	33
117.512	31
117.566	54
117.602	35
117.634	32
117.668	34
117.721	53
117.764	43
117.796	32
117.827	31
117.877	49
117.911	34
117.942	31
117.975	33
118.01	35
118.041	31
118.071	30
118.104	32
118.135	31
118.189	54
118.227	38
118.258	31
118.29	32
118.34	50
118.371	31
118.404	33
118.434	30
118.472	38
118.504	32
118.535	31
118.565	30
118.598	33
118.646	48
118.677	31
118.711	33
118.742	31
118.799	57
118.834	34
118.882	48
118.916	34
118.947	31
118.984	37
119.016	32
119.047	31
119.078	31
119.109	31
119.14	31
119.17	30
119.204	33
119.237	33
119.271	33
119.306	35
119.34	34
119.371	31
119.424	53
119.455	31
119.487	32
119.518	31
119.551	32
119.584	33
119.617	33
119.648	31
119.684	36
119.725	41
119.759	34
119.791	32
119.826	35
119.869	43
119.904	34
119.936	32
119.968	32
119.999	31
120.03	31
120.062	32
120.093	31
120.125	32
120.174	49
120.205	31
120.236	31
120.268	32
120.3	32
120.346	46
120.512	166
120.547	35
120.581	34
120.612	31
120.643	31
120.69	47
120.725	35
120.756	31
120.787	31
120.82	33
120.852	32
120.886	34
120.919	33
120.95	31
120.982	32
121.017	35
121.05	33
121.101	50
121.155	54
121.189	34
121.22	31
121.252	32
121.286	33
121.317	30
121.348	31
121.379	30
121.409	30
121.442	33
121.473	31
121.504	31
121.536	32
121.566	30
121.603	37
121.634	31
121.665	31
121.696	31
121.727	30
121.772	44
121.804	32
121.836	31
121.869	33
121.901	32
121.932	31
121.963	31
122.003	40
122.034	31
122.074	40
122.105	31
122.137	31
122.169	32
122.2	31
122.234	34
122.266	32
122.297	31
122.329	32
122.361	32
122.394	33
122.425	31
122.457	31
122.487	30
122.534	47
122.568	33
122.6	32
122.631	31
122.662	31
122.694	32
122.725	31
122.755	30
122.788	33
122.84	52
122.882	42
122.913	31
122.944	30
122.993	49
123.028	35
123.059	31
123.09	31
123.147	57
123.183	36
123.214	31
123.245	31
123.3	55
123.335	34
123.365	30
123.397	32
123.43	33
123.462	32
123.495	33
123.534	39
123.565	31
123.608	43
123.646	38
123.684	38
123.737	52
123.769	32
123.801	32
123.833	32
123.864	31
123.915	51
123.952	37
123.984	32
124.017	33
124.064	47
124.097	33
124.127	30
124.166	38
124.215	49
124.247	32
124.278	31
124.309	31
124.341	32
124.372	31
124.403	31
124.434	31
124.466	32
124.519	53
124.564	44
124.595	31
124.635	40
124.674	39
124.706	32
124.737	31
124.769	32
124.836	67
124.878	42
124.919	41
124.958	39
125.008	50
125.041	33
125.075	34
125.107	32
125.158	51
125.19	32
125.222	32
125.253	31
125.287	34
125.32	33
125.352	32
125.383	31
125.415	31
125.466	49
125.499	33
125.53	31
125.561	31
125.611	50
125.642	31
125.675	33
125.707	32
125.752	45
125.783	31
125.814	30
125.846	32
125.877	31
125.908	31
125.94	31
125.971	31
126.002	31
126.053	51
126.087	34
126.118	31
126.153	35
126.196	43
126.227	31
126.259	32
126.29	31
126.321	31
126.358	37
126.388	30
126.419	30
126.45	31
126.495	45
126.527	32
126.561	34
126.593	32
126.646	53
126.678	32
126.723	45
126.754	31
126.796	42
126.828	32
126.859	31
126.89	31
126.94	50
126.971	31
127.003	32
127.034	31
127.098	64
127.134	36
127.165	30
127.197	32
127.228	31
127.287	59
127.319	32
127.359	40
127.397	38
127.445	48
127.477	32
127.508	31
127.549	40
127.605	56
127.637	32
127.667	30
127.703	35
127.759	56
127.8	41
127.85	49
127.912	62
127.95	37
128.001	51
128.04	39
128.079	39
128.12	40
128.16	40
128.2	40
128.24	40
128.28	40
128.32	40
128.36	39
128.404	44
128.46	56
128.5	40
128.55	50
128.59	40
128.64	50
128.669	29
128.712	42
128.749	37
128.79	40
128.83	40
128.87	40
128.91	39
128.95	40
129.0	50
129.061	61
129.1	39
129.14	40
129.18	40
129.23	50
129.29	59
129.33	40
129.37	40
129.41	40
129.46	50
129.5	40
129.54	40
129.58	40
129.62	40
129.66	40
129.7	40
129.74	40
129.772	32
129.803	31
129.849	46
129.884	35
129.923	39
129.959	36
129.994	35
130.027	33
130.059	32
130.094	35
130.147	53
130.195	47
130.226	31
130.257	31
130.301	43
130.334	33
130.369	35
130.401	32
130.458	57
130.493	35
130.525	31
130.564	39
130.608	44
130.64	32
130.673	33
130.718	45
130.761	43
130.8	39
130.843	43
130.881	38
130.921	40
130.966	45
131.0	34
131.04	40
131.087	47
131.13	43
131.17	40
131.21	40
131.254	44
131.3	46
131.34	40
131.38	40
131.42	40
131.46	40
131.5	40
131.54	40
131.58	40
131.62	40
131.66	40
131.702	42
131.74	38
131.771	31
131.802	31
131.844	42
131.875	31
131.906	31
131.938	32
131.968	30
132.004	36
132.041	37
132.074	32
132.112	38
132.143	30
132.194	51
132.227	33
132.258	31
132.289	31
132.32	31
132.352	32
132.384	32
132.416	32
132.448	31
132.484	36
132.519	34
132.55	31
132.581	31
132.612	31
132.659	47
132.691	32
132.724	33
132.755	31
132.787	32
132.818	31
132.849	31
132.882	32
132.913	31
132.963	50
132.996	33
133.031	35
133.063	32
133.119	56
133.152	33
133.183	31
133.217	34
133.271	54
133.303	32
133.339	36
133.37	31
133.401	31
133.432	31
133.463	31
133.494	31
133.528	34
133.561	33
133.591	30
133.622	30
133.655	33
133.687	32
133.737	50
133.77	33
133.802	32
133.833	31
133.887	54
133.918	31
133.952	33
133.983	30
134.017	34
134.053	36
134.086	33
134.118	32
134.149	31
134.198	49
134.241	43
134.272	31
134.304	31
134.347	43
134.379	32
134.426	47
134.465	39
134.503	38
134.535	32
134.567	31
134.598	31
134.629	31
134.66	31
134.691	31
134.723	31
134.754	31
134.786	32
134.818	32
134.857	39
134.889	32
134.92	31
134.953	33
134.991	38
135.032	41
135.063	31
135.093	29
135.125	31
135.156	31
135.188	31
135.219	31
135.251	32
135.285	34
135.319	34
135.35	31
135.383	33
135.425	42
135.472	47
135.504	32
135.535	30
135.576	41
135.61	34
135.64	30
135.676	35
135.73	53
135.76	30
135.793	33
135.826	33
135.858	32
135.89	32
135.921	31
135.953	32
135.986	33
136.036	50
136.068	31
136.1	32
136.133	33
136.164	31
136.196	32
136.228	32
136.259	31
136.291	32
136.346	55
136.379	33
136.41	31
136.441	31
136.472	30
136.503	31
136.535	32
136.572	37
136.606	34
136.637	31
136.669	32
136.701	32
136.733	32
136.765	32
136.817	52
136.849	32
136.879	29
136.913	33
136.974	61
137.01	36
137.041	31
137.072	31
137.129	57
137.162	33
137.194	32
137.226	32
137.257	31
137.288	31
137.32	32
137.351	31
137.382	31
137.436	54
137.472	36
137.503	31
137.538	35
137.591	53
137.622	31
137.654	31
137.687	33
137.723	36
137.76	37
137.8	40
137.84	40
137.88	40
137.92	40
137.96	40
138.0	40
138.063	63
138.102	39
138.14	38
138.18	40
138.22	40
138.26	40
138.3	40
138.34	40
138.38	40
138.42	40
138.46	40
138.511	51
138.55	39
138.59	39
138.63	40
138.67	40
138.71	40
138.75	40
138.781	31
138.823	42
138.854	31
138.885	31
138.916	31
138.953	37
138.986	33
139.022	36
139.054	32
139.088	34
139.123	34
139.158	34
139.19	32
139.222	32
139.276	54
139.313	37
139.344	31
139.377	32
139.425	48
139.457	32
139.489	32
139.524	35
139.555	31
139.585	30
139.617	32
139.648	31
139.684	36
139.717	33
139.749	32
139.781	32
139.822	41
139.853	31
139.892	38
139.924	32
139.955	31
139.986	31
140.027	41
140.058	31
140.094	36
140.125	31
140.163	38
140.204	41
140.238	34
140.27	32
140.302	32
140.333	31
140.365	32
140.401	36
140.435	34
140.466	31
140.509	43
140.542	33
140.573	31
140.605	32
140.659	54
140.694	35
140.725	31
140.755	30
140.796	41
140.84	44
140.871	31
140.902	31
140.934	32
140.97	36
141.002	32
141.033	31
141.064	31
141.095	30
141.127	32
141.162	35
141.194	32
141.225	31
141.276	51
141.308	32
141.34	32
141.371	31
141.401	30
141.444	42
141.475	31
141.506	31
141.547	41
141.585	38
141.617	32
141.649	32
141.68	31
141.711	31
141.746	35
141.78	34
141.82	40
141.86	40
141.9	40
141.94	40
141.98	40
142.025	45
142.06	34
142.1	40
142.14	40
142.182	42
142.22	38
142.26	40
142.3	40
142.34	40
142.38	40
142.422	42
142.462	40
142.5	38
142.54	40
142.58	40
142.62	40
142.661	41
142.7	39
142.75	50
142.781	31
142.83	49
142.862	31
142.894	31
142.925	31
142.955	30
143.002	47
143.034	32
143.066	32
143.099	33
143.133	34
143.165	32
143.199	34
143.23	31
143.29	60
143.327	37
143.37	43
143.404	34
143.442	38
143.476	34
143.507	31
143.538	31
143.57	31
143.609	38
143.64	31
143.672	32
143.703	31
143.742	39
143.78	38
143.82	40
143.86	40
143.901	41
143.94	39
143.98	40
144.03	50
144.073	43
144.11	37
144.15	40
144.19	40
144.23	40
144.27	40
144.31	40
144.35	40
144.394	44
144.43	36
144.47	40
144.51	40
144.55	40
144.59	40
144.64	50
144.691	51
144.73	39
144.761	31
144.792	31
144.84	48
144.872	32
144.906	34
144.94	34
144.995	55
145.03	35
145.061	31
145.094	33
145.13	36
145.161	31
145.192	31
145.223	31
145.254	31
145.306	51
145.337	31
145.368	31
145.404	36
145.45	46
145.483	33
145.515	32
145.548	33
145.601	53
145.632	31
145.664	32
145.696	32
145.748	52
145.79	41
145.831	41
145.87	39
145.92	50
145.96	40
146.0	40
146.04	40
146.08	40
146.121	41
146.16	39
146.2	40
146.24	40
146.28	40
146.324	44
146.36	36
146.402	42
146.442	40
146.48	37
146.52	40
146.56	40
146.6	40
146.64	40
146.68	40
146.72	40
146.751	31
146.784	33
146.816	32
146.852	36
146.886	34
146.917	31
146.958	41
146.991	33
147.033	42
147.065	32
147.097	32
147.129	32
147.182	53
147.214	32
147.246	32
147.278	32
147.332	54
147.364	32
147.397	33
147.428	31
147.459	31
147.495	35
147.526	31
147.557	31
147.588	31
147.636	48
147.671	35
147.705	34
147.736	31
147.789	52
147.831	42
147.862	31
147.894	31
147.943	49
147.978	35
148.01	32
148.041	31
148.072	31
148.103	31
148.134	31
148.165	31
148.2	35
148.25	50
148.286	36
148.319	33
148.351	32
148.383	32
148.416	33
148.448	32
148.484	36
148.528	44
148.56	32
148.593	33
148.626	33
148.656	30
148.687	31
148.718	31
148.806	88
148.836	30
148.867	31
148.9	33
148.934	34
148.964	30
148.995	31
149.026	31
149.057	31
149.089	32
149.124	35
149.178	54
149.211	33
149.245	34
149.276	31
149.327	51
149.359	32
149.391	32
149.431	40
149.48	49
149.514	34
149.55	36
149.582	32
149.649	67
149.682	33
149.715	32
149.763	48
149.8	37
149.835	35
149.865	30
149.897	32
149.946	49
149.979	32
150.011	31
150.041	30
150.073	32
150.104	31
150.135	31
150.166	31
150.197	31
150.246	49
150.279	33
150.309	30
150.34	31
150.371	31
150.403	32
150.436	33
150.47	34
150.508	38
150.563	55
150.595	32
150.628	33
150.659	31
150.692	33
150.726	34
150.76	34
150.8	40
150.849	49
150.89	41
150.93	40
150.97	40
151.039	69
151.08	41
151.12	40
151.16	40
151.2	40
151.24	40
151.28	40
151.32	40
151.361	41
151.4	39
151.442	42
151.48	38
151.52	40
151.563	43
151.6	37
151.64	40
151.68	40
151.72	39
151.752	32
151.784	32
151.834	50
151.87	36
151.907	37
151.939	32
151.985	46
152.022	37
152.053	31
152.084	31
152.135	51
152.166	31
152.197	31
152.229	32
152.285	56
152.328	42
152.359	31
152.39	31
152.44	50
152.472	32
152.504	32
152.535	31
152.571	36
152.604	33
152.636	32
152.667	31
152.698	31
152.743	45
152.78	37
152.82	40
152.86	40
152.901	41
152.94	39
152.98	40
153.02	39
153.076	56
153.13	54
153.17	40
153.21	40
153.25	40
153.291	41
153.33	39
153.393	63
153.43	37
153.47	40
153.512	42
153.55	38
153.63	80
153.67	40
153.717	47
153.751	34
153.782	31
153.816	34
153.869	53
153.902	33
153.933	31
153.964	31
153.995	31
154.027	31
154.059	32
154.091	31
154.123	31
154.156	33
154.188	31
154.229	41
154.263	34
154.305	41
154.336	31
154.368	32
154.399	31
154.431	32
154.464	33
154.496	32
154.536	40
154.569	32
154.6	31
154.65	50
154.683	33
154.714	31
154.745	30
154.777	32
154.809	32
154.843	34
154.884	41
154.915	31
154.958	43
154.991	33
155.022	31
155.053	31
155.084	31
155.115	31
155.147	32
155.182	34
155.214	32
155.262	48
155.296	34
155.327	31
155.359	31
155.389	30
155.421	32
155.463	42
155.498	35
155.528	30
155.571	43
155.604	32
155.635	31
155.667	32
155.72	53
155.752	32
155.782	30
155.814	32
155.845	31
155.879	34
155.913	34
155.943	30
155.974	31
156.006	32
156.037	31
156.071	34
156.103	32
156.134	31
156.166	32
156.201	35
156.232	31
156.264	32
156.295	31
156.344	49
156.379	35
156.414	34
156.446	32
156.498	51
156.53	32
156.562	32
156.595	33
156.628	33
156.659	31
156.69	30
156.721	31
156.752	31
156.792	40
156.824	32
156.854	30
156.89	36
156.921	31
156.968	46
156.999	31
157.031	32
157.062	31
157.113	51
157.146	33
157.179	33
157.21	31
157.241	31
157.273	32
157.303	30
157.334	30
157.365	31
157.4	35
157.432	32
157.462	30
157.494	32
157.525	31
157.574	49
157.607	33
157.638	31
157.671	33
157.724	53
157.756	32
157.787	31
157.822	35
157.875	53
157.911	36
157.942	30
157.973	30
158.005	32
158.038	33
158.073	35
158.106	33
158.139	33
158.182	43
158.218	36
158.259	41
158.29	31
158.335	45
158.367	32
158.399	31
158.43	31
158.462	31
158.493	31
158.526	33
158.56	34
158.59	30
158.643	53
158.675	32
158.724	49
158.755	31
158.793	38
158.826	33
158.857	31
158.888	31
158.92	32
158.952	32
158.983	31
159.014	31
159.045	31
159.095	50
159.127	32
159.16	33
159.192	32
159.225	33
159.258	33
159.288	30
159.319	31
159.351	32
159.398	47
159.432	34
159.463	31
159.494	31
159.525	31
159.556	31
159.587	31
159.618	31
159.652	34
159.686	34
159.717	31
159.748	31
159.779	31
159.81	31
159.863	53
159.897	34
159.93	33
159.968	38
160.034	66
160.066	32
160.102	36
160.134	32
160.185	51
160.218	33
160.251	33
160.283	32
160.335	52
160.369	34
160.4	31
160.431	31
160.462	31
160.492	30
160.524	31
160.556	32
160.588	32
160.638	49
160.671	33
160.712	41
160.744	32
160.792	48
160.826	34
160.858	32
160.889	31
160.937	48
160.969	32
161.001	31
161.032	31
161.063	31
161.095	32
161.126	31
161.158	32
161.191	33
161.222	31
161.253	31
161.284	31
161.315	31
161.346	30
161.378	31
161.41	32
161.44	30
161.471	31
161.502	31
161.554	52
161.585	31
161.616	31
161.647	31
161.677	30
161.716	39
161.751	34
161.785	34
161.817	32
161.868	50
161.905	37
161.936	31
161.968	32
162.021	53
162.055	34
162.086	31
162.118	32
162.17	52
162.202	32
162.234	32
162.265	31
162.297	32
162.332	35
162.363	31
162.393	30
162.424	31
162.473	49
162.505	32
162.536	31
162.567	31
162.599	32
162.63	31
162.668	38
162.729	61
162.781	52
162.813	32
162.845	32
162.876	31
162.911	35
162.944	33
162.974	30
163.005	30
163.037	31
163.088	51
163.121	33
163.153	32
163.227	74
163.259	32
163.291	32
163.323	32
163.354	31
163.401	47
163.433	32
163.464	31
163.496	31
163.528	32
163.559	31
163.59	31
163.622	32
163.653	31
163.704	51
163.737	33
163.77	33
163.81	40
163.861	51
163.9	39
163.94	40
163.98	40
164.02	40
164.06	40
164.1	40
164.14	40
164.18	40
164.22	40
164.26	40
164.301	41
164.341	40
164.39	49
164.43	40
164.48	50
164.52	40
164.56	40
164.6	40
164.64	40
164.68	40
164.72	40
164.754	34
164.789	35
164.82	31
164.852	32
164.883	31
164.915	32
164.968	53
165.002	34
165.032	30
165.064	31
165.096	32
165.126	30
165.159	33
165.19	31
165.221	31
165.273	52
165.305	32
165.336	31
165.369	33
165.402	33
165.433	31
165.464	30
165.495	31
165.527	32
165.579	52
165.614	35
165.645	31
165.678	33
165.731	53
165.771	40
165.802	31
165.832	30
165.885	53
165.918	32
165.949	31
165.986	37
166.037	51
166.069	32
166.102	32
166.137	35
166.191	54
166.224	33
166.255	31
166.287	32
166.322	35
166.354	32
166.393	39
166.425	32
166.456	31
166.488	31
166.526	38
166.577	51
166.609	32
166.653	44
166.684	31
166.721	37
166.752	31
166.805	53
166.837	32
166.868	31
166.899	31
166.93	31
166.962	32
166.994	32
167.032	38
167.064	31
167.113	49
167.146	32
167.177	31
167.209	31
167.258	49
167.291	33
167.322	31
167.354	32
167.407	53
167.439	32
167.47	31
167.501	31
167.541	40
167.613	72
167.644	31
167.684	40
167.715	31
167.746	31
167.78	34
167.82	40
167.861	41
167.9	39
167.94	40
167.98	40
168.021	41
168.062	41
168.102	40
168.18	78
168.22	40
168.26	40
168.3	40
168.361	61
168.4	39
168.441	41
168.48	39
168.52	40
168.562	42
168.6	38
168.64	40
168.68	40
168.72	40
168.752	32
168.783	31
168.814	31
168.846	32
168.877	31
168.908	31
168.94	32
168.976	36
169.009	33
169.041	31
169.072	31
169.125	53
169.16	35
169.191	31
169.223	32
169.283	60
169.315	32
169.345	30
169.381	36
169.434	53
169.469	35
169.5	31
169.531	31
169.604	73
169.653	49
169.691	38
169.723	32
169.755	32
169.793	38
169.824	31
169.855	31
169.908	53
169.939	31
169.971	32
170.004	32
170.058	53
170.09	32
170.121	31
170.152	31
170.184	32
170.215	31
170.245	30
170.28	34
170.316	36
170.347	31
170.379	31
170.41	31
170.441	31
170.472	31
170.515	43
170.548	33
170.579	31
170.61	31
170.642	32
170.673	31
170.704	31
170.736	31
170.767	31
170.818	51
170.851	33
170.884	33
170.916	32
170.971	55
171.003	32
171.034	31
171.065	31
171.096	31
171.129	33
171.164	35
171.209	45
171.239	30
171.281	42
171.314	33
171.345	31
171.376	31
171.434	58
171.467	33
171.5	32
171.532	32
171.586	54
171.618	32
171.649	31
171.68	31
171.711	31
171.743	32
171.78	37
171.82	40
171.86	40
171.9	40
171.941	41
171.98	38
172.02	40
172.06	40
172.1	40
172.148	48
172.223	75
172.26	37
172.3	40
172.34	40
172.38	40
172.46	80
172.5	40
172.54	40
172.58	40
172.62	40
172.661	41
172.7	39
172.742	42
172.776	34
172.827	50
172.881	54
172.912	31
172.943	31
172.977	34
173.031	54
173.062	31
173.094	32
173.125	31
173.156	31
173.187	31
173.219	32
173.251	32
173.288	37
173.334	46
173.367	32
173.398	31
173.432	34
173.486	54
173.52	34
173.566	46
173.599	33
173.638	39
173.674	36
173.706	32
173.736	30
173.768	32
173.8	32
173.83	30
173.861	31
173.892	31
173.943	51
173.975	32
174.007	32
174.038	31
174.073	35
174.106	33
174.136	30
174.169	32
174.2	31
174.231	31
174.262	31
174.295	33
174.327	32
174.359	32
174.391	32
174.424	33
174.456	32
174.487	31
174.518	31
174.551	33
174.584	33
174.618	33
174.652	34
174.683	31
174.737	54
174.768	31
174.798	30
174.832	34
174.885	53
174.916	31
174.948	32
174.979	31
175.012	33
175.046	34
175.077	31
175.108	31
175.139	31
175.193	54
175.226	33
175.258	32
175.289	31
175.324	35
175.365	41
175.397	32
175.427	30
175.459	31
175.49	31
175.523	33
175.553	30
175.585	31
175.615	30
175.664	48
175.697	33
175.729	32
175.761	32
175.816	55
175.849	33
175.881	32
175.916	35
175.969	53
176.009	40
176.04	31
176.074	34
176.125	50
176.158	33
176.189	31
176.223	34
176.276	53
176.308	32
176.343	35
176.376	33
176.419	42
176.451	32
176.482	30
176.513	31
176.548	35
176.583	35
176.615	32
176.645	30
176.675	30
176.723	47
176.761	38
176.8	39
176.84	40
176.88	40
176.92	40
176.961	41
177.0	39
177.042	42
177.08	38
177.12	40
177.181	61
177.22	39
177.26	40
177.3	40
177.34	40
177.38	40
177.42	40
177.484	64
177.52	36
177.56	40
177.6	40
177.641	41
177.682	41
177.72	38
177.751	31
177.792	41
177.827	35
177.858	31
177.895	37
177.947	52
177.982	35
178.013	31
178.043	30
178.075	32
178.105	30
178.137	32
178.169	32
178.206	37
178.237	31
178.275	38
178.306	31
178.338	32
178.37	32
178.407	37
178.438	31
178.47	31
178.501	31
178.532	30
178.578	46
178.611	33
178.642	31
178.674	31
178.725	51
178.757	32
178.789	32
178.82	31
178.869	49
178.903	34
178.94	37
178.972	32
179.005	33
179.045	31
179.076	31
179.107	31
179.139	32
179.17	31
179.205	35
179.237	32
179.268	31
179.302	34
179.336	33
179.367	31
179.4	33
179.431	31
179.482	51
179.517	35
179.549	31
179.58	31
179.634	54
179.667	33
179.698	31
179.731	32
179.783	52
179.814	31
179.845	31
179.876	31
179.938	61
179.974	36
180.005	31
180.037	32
180.07	33
180.101	31
180.132	31
180.166	34
180.198	32
180.229	31
180.263	33
180.294	31
180.325	31
180.356	30
180.387	31
180.418	31
180.452	34
180.484	32
180.515	31
180.546	31
180.58	34
180.611	31
180.644	33
180.675	31
180.723	48
180.755	32
180.787	32
180.819	32
180.854	35
180.887	33
180.919	32
180.951	32
180.988	37
181.027	39
181.059	32
181.09	31
181.124	34
181.175	51
181.207	32
181.24	33
181.274	34
181.305	31
181.336	31
181.367	31
181.398	31
181.43	31
181.463	33
181.518	55
181.55	32
181.581	31
181.612	30
181.643	31
181.674	31
181.705	31
181.736	31
181.77	34
181.803	33
181.835	32
181.866	31
181.899	33
181.945	45
181.979	34
182.011	32
182.042	31
182.093	51
182.126	33
182.157	31
182.188	31
182.219	31
182.25	31
182.286	36
182.321	35
182.352	31
182.433	81
182.465	32
182.496	31
182.551	55
182.589	38
182.62	31
182.652	32
182.705	53
182.738	32
182.77	31
182.81	40
182.86	50
182.9	40
182.94	40
182.981	41
183.02	39
183.06	39
183.101	41
183.14	39
183.18	40
183.22	40
183.26	40
183.3	40
183.34	40
183.38	39
183.422	42
183.46	38
183.5	40
183.54	40
183.58	40
183.62	40
183.66	40
183.701	41
183.74	39
183.771	31
183.804	33
183.837	33
183.868	31
183.899	31
183.951	52
183.983	32
184.015	32
184.047	32
184.079	32
184.11	31
184.141	31
184.173	32
184.204	31
184.235	31
184.266	30
184.308	42
184.35	42
184.38	30
184.42	40
184.452	32
184.483	31
184.514	31
184.545	31
184.587	42
184.62	33
184.652	32
184.684	32
184.728	44
184.761	33
184.792	31
184.824	32
184.88	55
184.921	41
184.952	31
184.984	32
185.033	49
185.067	34
185.099	32
185.134	35
185.19	56
185.222	32
185.255	33
185.289	34
185.343	54
185.376	32
185.408	31
185.442	34
185.489	47
185.521	32
185.552	31
185.604	51
185.635	31
185.667	32
185.699	32
185.73	31
185.764	34
185.795	31
185.826	31
185.856	30
185.889	33
185.92	31
185.954	33
185.988	33
186.019	31
186.05	31
186.085	35
186.117	32
186.148	31
186.18	32
186.21	30
186.266	56
186.298	32
186.33	32
186.361	31
186.393	32
186.425	32
186.456	31
186.487	31
186.526	39
186.557	31
186.588	31
186.621	33
186.652	31
186.685	33
186.73	44
186.762	31
186.796	34
186.827	31
186.88	53
186.912	31
186.943	31
186.974	31
187.005	31
187.036	30
187.067	30
187.1	32
187.131	31
187.185	54
187.216	31
187.247	31
187.278	31
187.31	32
187.342	32
187.373	31
187.41	37
187.441	31
187.49	49
187.53	40
187.562	32
187.593	31
187.643	50
187.674	31
187.71	36
187.742	32
187.797	55
187.83	33
187.861	31
187.893	32
187.925	32
187.96	35
187.991	31
188.023	32
188.054	31
188.106	52
188.138	32
188.17	32
188.201	31
188.235	34
188.266	31
188.299	33
188.332	33
188.363	31
188.409	46
188.444	35
188.476	32
188.507	31
188.542	35
188.574	32
188.606	32
188.638	32
188.669	31
188.7	31
188.737	37
188.77	33
188.804	34
188.836	32
188.874	38
188.906	32
188.939	33
188.97	31
189.001	31
189.033	32
189.064	31
189.096	32
189.128	32
189.183	55
189.218	35
189.259	41
189.29	31
189.335	45
189.371	36
189.403	32
189.443	40
189.49	47
189.522	32
189.554	32
189.584	30
189.616	32
189.647	31
189.679	32
189.711	32
189.743	32
189.793	50
189.825	32
189.863	35
189.898	35
189.945	47
189.978	33
190.01	32
190.041	30
190.107	65
190.138	31
190.169	31
190.2	31
190.231	30
190.268	37
190.299	30
190.335	36
190.365	30
190.414	49
190.446	32
190.478	32
190.509	31
190.54	31
190.572	31
190.607	35
190.638	31
190.669	31
190.723	54
190.754	31
190.785	31
190.821	36
190.853	31
190.884	31
190.917	32
190.949	32
190.986	37
191.034	48
191.067	33
191.098	31
191.129	31
191.16	31
191.195	35
191.227	32
191.258	31
191.289	31
191.323	34
191.363	40
191.396	32
191.43	34
191.462	32
191.493	31
191.529	36
191.56	31
191.591	31
191.643	52
191.675	31
191.706	31
191.737	30
191.769	32
191.8	31
191.836	36
191.867	31
191.898	31
191.948	50
192.026	78
192.057	31
192.091	33
192.149	58
192.181	31
192.215	34
192.248	33
192.279	31
192.31	31
192.341	31
192.372	31
192.425	52
192.468	43
192.499	31
192.53	31
192.58	50
192.615	35
192.647	32
192.681	34
192.735	54
192.769	34
192.801	32
192.833	32
192.887	54
192.919	32
192.95	31
192.981	31
193.012	31
193.042	30
193.077	35
193.108	31
193.14	32
193.193	53
193.224	31
193.255	31
193.285	30
193.317	31
193.349	32
193.382	33
193.413	31
193.445	32
193.501	56
193.532	31
193.563	31
193.595	31
193.627	32
193.66	33
193.701	41
193.736	35
193.767	31
193.807	40
193.84	33
193.871	31
193.912	41
193.944	32
193.975	31
194.006	31
194.041	34
194.096	55
194.128	32
194.164	35
194.197	33
194.228	31
194.277	49
194.309	32
194.339	30
194.37	31
194.403	33
194.434	31
194.467	33
194.497	30
194.528	31
194.586	58
194.617	31
194.648	31
194.68	32
194.711	31
194.744	33
194.775	31
194.807	32
194.838	31
194.888	50
194.923	35
194.954	31
194.989	35
195.041	52
195.072	31
195.103	30
195.134	30
195.167	33
195.203	36
195.234	30
195.266	32
195.3	34
195.341	41
195.375	33
195.408	33
195.439	31
195.498	59
195.533	35
195.564	31
195.598	34
195.649	51
195.682	33
195.714	32
195.745	31
195.8	55
195.833	33
195.864	31
195.895	31
195.927	32
195.958	31
195.991	33
196.022	31
196.062	40
196.125	62
196.156	31
196.188	32
196.222	34
196.277	55
196.311	34
196.343	32
196.374	31
196.429	55
196.471	42
196.502	31
196.533	31
196.583	50
196.618	35
196.65	32
196.682	31
196.735	53
196.77	34
196.81	40
196.85	40
196.892	42
196.93	38
196.97	40
197.01	40
197.051	41
197.09	39
197.131	41
197.17	39
197.211	41
197.25	39
197.29	40
197.33	40
197.37	40
197.41	40
197.451	41
197.491	40
197.53	39
197.57	40
197.61	40
197.65	40
197.69	40
197.73	40
197.764	33
197.795	31
197.833	38
197.866	32
197.899	33
197.932	33
197.965	33
197.996	31
198.028	32
198.06	32
198.091	31
198.123	32
198.155	32
198.188	33
198.219	30
198.25	30
198.303	53
198.336	33
198.367	31
198.403	36
198.45	47
198.485	35
198.517	32
198.549	32
198.599	50
198.631	31
198.663	32
198.694	31
198.743	49
198.777	34
198.809	32
198.84	31
198.893	53
198.926	33
198.958	32
198.99	31
199.031	41
199.063	31
199.094	31
199.126	32
199.157	31
199.218	61
199.249	31
199.281	32
199.316	35
199.37	54
199.402	32
199.433	31
199.464	31
199.495	31
199.526	31
199.557	31
199.592	34
199.623	31
199.677	54
199.709	32
199.74	31
199.771	31
199.825	54
199.858	33
199.889	31
199.92	31
199.968	48
200.001	33
200.032	31
200.063	31
200.095	32
200.126	31
200.157	31
200.188	31
200.219	30
200.254	35
200.287	32
200.323	36
200.354	31
200.386	32
200.435	49
200.467	32
200.498	31
200.529	31
200.56	31
200.594	34
200.625	31
200.657	32
200.689	32
200.74	51
200.771	31
200.803	32
200.833	30
200.865	31
200.895	30
200.927	31
200.963	36
200.994	31
201.037	43
201.069	32
201.1	31
201.133	33
201.201	68
201.235	34
201.266	31
201.297	31
201.329	32
201.381	52
201.413	32
201.446	33
201.478	32
201.509	31
201.541	32
201.575	34
201.627	52
201.658	31
201.691	33
201.723	32
201.754	31
201.808	54
201.841	33
201.875	34
201.907	32
201.937	30
201.968	31
202.0	31
202.03	30
202.061	30
202.093	32
202.124	31
202.157	33
202.188	31
202.22	32
202.275	54
202.308	33
202.338	30
202.37	31
202.424	54
202.459	35
202.489	30
202.52	30
202.575	54
202.606	31
202.637	31
202.669	32
202.7	31
202.731	31
202.763	32
202.796	33
202.837	41
202.893	56
202.925	32
202.956	31
202.988	32
203.019	31
203.052	32
203.085	33
203.116	31
203.147	31
203.178	31
203.209	31
203.241	32
203.279	38
203.311	32
203.364	53
203.395	31
203.426	31
203.457	31
203.508	51
203.541	33
203.572	31
203.603	31
203.656	53
203.69	34
203.722	32
203.752	30
203.79	38
203.823	33
203.855	32
203.888	33
203.923	35
203.965	42
204.008	43
204.039	31
204.071	32
204.115	44
204.153	38
204.185	32
204.217	32
204.266	48
204.3	34
204.331	31
204.363	32
204.415	52
204.453	38
204.486	32
204.519	33
204.565	46
204.598	32
204.629	31
204.66	31
204.694	34
204.725	31
204.76	35
204.8	40
204.84	40
204.88	40
204.92	40
204.96	40
205.0	40
205.04	40
205.08	40
205.121	41
205.16	38
205.202	42
205.24	37
205.28	40
205.321	41
205.361	40
205.4	39
205.44	40
205.48	40
205.52	40
205.56	40
205.6	40
205.661	61
205.7	39
205.742	42
205.773	31
205.813	40
205.85	37
205.881	31
205.913	32
205.965	52
205.998	33
206.03	32
206.071	41
206.116	45
206.149	33
206.178	29
206.21	31
206.248	38
206.279	31
206.31	31
206.35	39
206.38	30
206.423	43
206.455	32
206.486	31
206.517	31
206.555	37
206.587	32
206.618	31
206.649	31
206.682	33
206.747	64
206.78	33
206.82	40
206.862	42
206.901	39
206.94	39
206.98	40
207.021	41
207.065	44
207.101	36
207.14	39
207.18	40
207.22	40
207.26	39
207.3	40
207.34	40
207.385	45
207.421	36
207.46	39
207.5	40
207.551	51
207.59	39
207.63	40
207.67	40
207.71	39
207.75	40
207.782	32
207.813	31
207.856	43
207.888	32
207.935	47
207.967	32
208.014	47
208.045	31
208.076	30
208.108	32
208.159	51
208.213	54
208.244	31
208.278	34
208.313	35
208.345	32
208.38	35
208.412	32
208.443	31
208.5	56
208.534	34
208.566	32
208.599	33
208.651	52
208.684	33
208.717	33
208.748	31
208.792	44
208.825	33
208.856	31
208.889	33
208.946	57
208.979	33
209.012	33
209.043	31
209.077	34
209.111	34
209.145	34
209.177	32
209.209	31
209.255	45
209.288	33
209.319	31
209.35	31
209.381	31
209.412	31
209.445	33
209.476	31
209.507	31
209.558	51
209.59	32
209.623	32
209.656	33
209.708	52
209.742	34
209.78	38
209.82	40
209.86	39
209.9	40
209.941	41
209.981	40
210.02	39
210.06	39
210.1	40
210.143	43
210.181	38
210.22	38
210.26	40
210.3	40
210.342	42
210.39	48
210.43	40
210.47	40
210.513	42
210.56	47
210.602	42
210.662	60
210.7	38
210.74	40
210.772	32
210.803	31
210.834	31
210.865	31
210.897	32
210.927	30
210.959	31
210.99	31
211.021	31
211.057	36
211.09	33
211.132	42
211.165	33
211.226	61
211.262	36
211.294	32
211.325	31
211.356	31
211.388	32
211.419	31
211.451	32
211.482	31
211.513	31
211.547	34
211.578	31
211.614	36
211.646	32
211.678	32
211.71	32
211.749	39
211.78	31
211.811	31
211.844	33
211.898	54
211.93	32
211.961	31
211.995	34
212.026	31
212.058	32
212.089	31
212.121	32
212.152	31
212.204	52
212.236	32
212.268	32
212.302	34
212.333	31
212.364	31
212.395	31
212.426	31
212.456	30
212.509	53
212.545	36
212.578	32
212.609	31
212.661	52
212.701	40
212.733	32
212.764	31
212.812	48
212.853	41
212.885	31
212.916	31
212.961	45
212.993	32
213.025	32
213.057	31
213.113	56
213.146	33
213.177	31
213.212	34
213.261	49
213.295	34
213.326	31
213.358	32
213.389	31
213.419	30
213.451	32
213.483	32
213.515	32
213.549	34
213.593	44
213.636	43
213.667	31
213.707	40
213.78	73
213.822	42
213.861	39
213.9	39
213.94	40
213.982	42
214.02	37
214.06	39
214.1	40
214.143	43
214.181	38
214.232	51
214.27	38
214.31	40
214.35	40
214.4	50
214.441	41
214.48	39
214.521	41
214.56	39
214.6	40
214.642	42
214.68	38
214.72	40
214.752	31
214.784	32
214.816	32
214.867	51
214.9	32
214.931	31
214.963	32
214.994	31
215.032	37
215.068	35
215.099	31
215.13	31
215.177	47
215.209	32
215.241	32
215.272	31
215.325	52
215.358	32
215.388	30
215.419	31
215.451	31
215.484	33
215.515	31
215.547	32
215.579	32
215.626	47
215.658	32
215.69	32
215.721	31
215.753	32
215.785	32
215.816	31
215.847	31
215.878	30
215.927	49
215.958	31
215.991	32
216.022	31
216.053	31
216.088	35
216.119	31
216.15	31
216.182	32
216.229	47
216.262	33
216.296	34
216.327	31
216.358	31
216.389	31
216.421	32
216.452	31
216.484	32
216.515	31
216.546	31
216.577	31
216.609	32
216.64	31
216.671	31
216.705	34
216.736	31
216.767	31
216.798	31
216.852	54
216.884	32
216.914	30
216.951	36
216.982	31
217.014	32
217.045	31
217.078	33
217.112	34
217.17	58
217.206	36
217.237	31
217.268	31
217.32	52
217.354	34
217.388	34
217.42	32
217.471	51
217.508	37
217.54	32
217.572	31
217.627	54
217.659	32
217.691	32
217.721	30
217.752	31
217.783	31
217.816	33
217.855	39
217.886	31
217.934	48
217.967	33
217.998	31
218.036	37
218.086	50
218.118	32
218.15	32
218.181	31
218.231	50
218.264	33
218.297	32
218.332	34
218.385	53
218.416	31
218.447	31
218.478	30
218.509	31
218.542	33
218.574	32
218.605	31
218.64	35
218.692	52
218.723	31
218.76	37
218.8	40
218.853	53
218.9	47
218.941	41
218.98	39
219.02	40
219.061	41
219.1	39
219.14	40
219.18	40
219.221	40
219.262	41
219.3	38
219.34	40
219.38	40
219.42	40
219.461	40
219.5	39
219.543	43
219.58	37
219.62	40
219.66	40
219.7	40
219.743	43
219.784	41
219.817	33
219.848	31
219.879	31
219.911	32
219.941	30
219.973	32
220.004	31
220.035	31
220.085	50
220.117	32
220.171	54
220.208	37
220.243	35
220.278	35
220.31	32
220.342	32
220.393	51
220.424	31
220.455	31
220.487	32
220.518	31
220.549	31
220.581	32
220.614	33
220.644	30
220.697	52
220.735	38
220.771	36
220.832	61
220.872	40
220.91	38
220.95	40
221.003	53
221.04	36
221.081	41
221.12	39
221.162	41
221.2	38
221.24	40
221.282	42
221.331	49
221.37	39
221.413	43
221.45	37
221.491	41
221.53	39
221.57	40
221.612	42
221.651	39
221.691	40
221.731	39
221.762	31
221.802	40
221.834	32
221.866	32
221.899	33
221.93	31
221.962	32
221.996	34
222.03	34
222.071	41
222.102	31
222.134	32
222.165	31
222.197	32
222.238	40
222.27	32
222.303	33
222.334	31
222.367	33
222.424	57
222.462	38
222.493	31
222.525	32
222.575	50
222.607	32
222.647	40
222.678	31
222.734	56
222.768	34
222.8	32
222.832	32
222.865	32
222.898	33
222.929	31
222.961	32
222.992	31
223.024	32
223.054	30
223.086	31
223.117	31
223.149	32
223.201	52
223.233	32
223.264	31
223.295	31
223.327	32
223.364	37
223.395	31
223.426	31
223.461	35
223.494	33
223.526	32
223.556	30
223.588	32
223.619	31
223.673	54
223.731	58
223.826	95
223.888	62
223.923	35
223.959	35
224.008	49
224.044	36
224.076	32
224.107	31
224.137	30
224.171	34
224.204	32
224.235	31
224.267	32
224.301	34
224.331	30
224.369	38
224.402	33
224.432	30
224.463	31
224.493	30
224.525	32
224.556	31
224.591	35
224.632	41
224.666	34
224.699	32
224.729	30
224.76	31
224.794	33
224.825	31
224.856	31
224.889	33
224.921	32
224.971	50
225.004	33
225.036	32
225.068	32
225.102	34
225.134	32
225.165	31
225.196	31
225.227	31
225.276	49
225.31	33
225.341	31
225.375	34
225.429	54
225.461	32
225.495	34
225.528	33
225.573	45
225.606	32
225.637	31
225.669	32
225.701	32
225.732	31
225.771	39
225.81	39
225.85	39
225.89	39
225.931	40
225.971	40
226.011	40
226.05	39
226.092	42
226.13	38
226.192	62
226.23	38
226.271	41
226.314	43
226.35	36
226.39	39
226.43	40
226.47	40
226.51	40
226.57	59
226.61	39
226.66	50
226.7	39
226.74	40
226.771	31
226.809	38
226.844	35
226.875	31
226.906	31
226.958	52
226.99	32
227.021	31
227.053	31
227.1	47
227.134	34
227.165	31
227.203	38
227.248	45
227.28	32
227.312	32
227.342	30
227.373	30
227.404	31
227.435	31
227.466	31
227.496	30
227.544	48
227.584	40
227.615	31
227.653	37
227.694	41
227.726	32
227.76	34
227.8	40
227.861	61
227.9	39
227.94	39
227.98	40
228.021	41
228.064	43
228.102	38
228.14	38
228.183	43
228.221	37
228.26	39
228.3	39
228.34	40
228.38	40
228.42	39
228.464	43
228.511	47
228.552	41
228.59	38
228.63	40
228.671	41
228.71	39
228.75	40
228.787	37
228.825	38
228.857	31
228.89	33
228.921	31
228.952	31
228.984	32
229.018	34
229.049	31
229.08	31
229.111	31
229.143	32
229.174	31
229.204	30
229.235	31
229.285	50
229.332	47
229.363	31
229.397	34
229.441	44
229.474	33
229.509	35
229.54	31
229.592	52
229.625	32
229.656	31
229.687	31
229.718	31
229.751	33
229.782	31
229.813	31
229.845	32
229.876	31
229.907	31
229.938	31
229.969	31
230.001	32
230.037	36
230.069	31
230.103	34
230.135	32
230.166	31
230.214	48
230.248	34
230.279	31
230.312	31
230.347	35
230.378	31
230.437	59
230.468	31
230.499	31
230.531	32
230.561	30
230.593	32
230.624	31
230.656	32
230.687	31
230.718	31
230.75	32
230.782	32
230.814	32
230.846	32
230.877	31
230.908	31
230.939	31
230.984	45
231.016	31
231.049	33
231.08	31
231.112	32
231.144	32
231.175	31
231.212	37
231.246	34
231.277	31
231.309	32
231.341	32
231.371	30
231.402	31
231.452	50
231.486	34
231.519	32
231.55	31
231.583	32
231.615	32
231.647	32
231.684	37
231.715	31
231.758	43
231.791	32
231.823	32
231.857	34
231.909	51
231.941	32
231.974	33
232.006	32
232.058	52
232.092	33
232.154	62
232.217	63
232.248	31
232.282	34
232.323	41
232.373	50
232.409	36
232.44	31
232.472	31
232.524	52
232.561	37
232.592	31
232.623	31
232.673	50
232.706	32
232.736	30
232.769	33
232.801	32
232.832	30
232.868	36
232.899	31
232.931	32
232.964	33
232.995	31
233.026	31
233.058	32
233.089	31
233.121	32
233.152	31
233.184	32
233.215	31
233.246	31
233.292	46
233.328	36
233.362	34
233.393	31
233.463	69
233.506	43
233.537	31
233.57	33
233.625	55
233.657	31
233.688	31
233.721	33
233.753	32
233.793	40
233.826	32
233.86	34
233.892	32
233.933	41
233.966	33
233.998	32
234.031	33
234.084	53
234.119	35
234.15	31
234.181	31
234.213	32
234.244	31
234.275	31
234.309	33
234.34	31
234.371	31
234.404	33
234.436	32
234.467	31
234.498	31
234.542	44
234.575	33
234.608	32
234.64	31
234.69	50
234.724	34
234.761	37
234.814	53
234.847	33
234.884	37
234.916	32
234.947	31
234.983	36
235.018	35
235.049	31
235.083	34
235.139	56
235.173	34
235.212	39
235.244	32
235.292	48
235.325	33
235.356	31
235.387	31
235.44	53
235.478	38
235.523	45
235.554	31
235.589	35
235.621	32
235.652	31
235.683	31
235.717	34
235.749	32
235.781	32
235.813	32
235.844	31
235.875	31
235.906	31
235.937	31
235.968	31
236.001	33
236.054	53
236.089	35
236.12	31
236.154	34
236.207	53
236.241	34
236.272	31
236.303	31
236.335	32
236.367	32
236.398	31
236.429	31
236.461	32
236.5	39
236.532	32
236.563	31
236.595	32
236.625	30
236.658	33
236.691	33
236.721	30
236.753	32
236.803	50
236.834	31
236.865	31
236.898	32
236.929	31
236.965	36
236.997	32
237.028	31
237.059	31
237.092	32
237.123	31
237.154	31
237.186	31
237.222	36
237.273	51
237.305	32
237.336	31
237.367	31
237.398	31
237.43	32
237.461	30
237.493	32
237.524	30
237.576	52
237.606	30
237.637	31
237.668	31
237.7	32
237.73	30
237.762	32
237.797	35
237.828	31
237.878	50
237.91	32
237.942	32
237.973	31
238.006	33
238.036	30
238.072	36
238.108	36
238.14	31
238.18	40
238.213	33
238.244	31
238.277	33
238.331	54
238.363	32
238.397	34
238.428	31
238.46	32
238.491	31
238.522	31
238.553	31
238.584	31
238.639	54
238.672	33
238.711	39
238.743	32
238.793	50
238.825	31
238.856	31
238.887	31
238.919	32
238.95	31
238.982	32
239.016	34
239.046	30
239.098	52
239.132	34
239.166	34
239.199	33
239.241	42
239.274	32
239.306	32
239.338	32
239.386	48
239.422	36
239.459	37
239.49	31
239.539	49
239.572	33
239.604	32
239.636	32
239.683	47
239.715	31
239.747	32
239.78	33
239.833	52
239.871	37
239.911	40
239.952	41
240.031	79
