0.04	38
0.071	31
0.106	34
0.143	37
0.175	32
0.207	32
0.239	32
0.27	31
0.301	31
0.339	38
0.37	31
0.402	32
0.433	31
0.465	32
0.495	30
0.526	30
0.557	31
0.6	43
0.635	35
0.666	31
0.701	35
0.745	43
0.776	31
0.808	32
0.84	32
0.873	33
0.912	39
0.958	46
0.988	30
1.023	35
1.136	112
1.167	31
1.197	30
1.228	31
1.259	31
1.297	38
1.329	32
1.366	37
1.397	31
1.43	33
1.463	33
1.495	32
1.526	31
1.557	31
1.59	33
1.621	31
1.652	31
1.701	49
1.732	31
1.765	33
1.803	38
1.844	41
1.895	51
1.927	32
1.958	31
1.989	31
2.02	31
2.051	31
2.083	32
2.114	31
2.146	32
2.178	32
2.209	31
2.242	33
2.273	31
2.305	32
2.375	70
2.406	31
2.441	35
2.472	31
2.507	34
2.538	31
2.569	31
2.6	31
2.631	31
2.663	31
2.694	31
2.726	32
2.757	31
2.788	31
2.82	32
2.851	31
2.883	32
2.916	33
2.948	32
2.982	34
3.014	32
3.044	30
3.085	41
3.116	31
3.151	35
3.183	32
3.214	31
3.245	31
3.277	31
3.308	31
3.338	30
3.369	31
3.4	31
3.437	36
3.468	31
3.501	33
3.533	32
3.564	31
3.597	33
3.633	36
3.665	32
3.696	31
3.726	30
3.757	30
3.789	31
3.82	31
3.852	32
3.883	31
3.915	32
3.946	31
3.977	30
4.009	32
4.042	33
4.073	31
4.105	32
4.136	31
4.167	30
4.2	32
4.232	31
4.274	42
4.306	32
4.336	30
4.367	31
4.398	31
4.43	32
4.461	31
4.495	34
4.527	32
4.558	31
4.59	32
4.621	31
4.654	33
4.688	34
4.72	32
4.751	31
4.784	33
4.815	31
4.846	31
4.877	31
4.914	37
4.952	38
4.983	31
5.018	35
5.05	32
5.082	31
5.113	31
5.146	32
5.177	31
5.208	31
5.239	31
5.271	32
5.302	31
5.334	32
5.366	32
5.397	31
5.429	32
5.459	30
5.491	31
5.521	30
5.554	33
5.586	32
5.618	31
5.65	32
5.683	33
5.714	31
5.745	31
5.776	31
5.808	32
5.839	31
5.871	32
5.901	30
5.933	31
5.965	32
5.996	31
6.028	32
6.061	33
6.092	31
6.124	31
6.155	31
6.193	38
6.225	31
6.255	29
6.286	30
6.318	32
6.35	32
6.382	32
6.413	31
6.444	31
6.475	31
6.507	31
6.538	31
6.57	32
6.603	33
6.634	31
6.665	31
6.695	30
6.727	31
6.759	32
6.791	32
6.833	42
6.864	31
6.896	32
6.928	32
6.959	31
6.991	32
7.022	31
7.055	33
7.085	30
7.119	34
7.15	31
7.181	31
7.212	31
7.246	34
7.279	33
7.31	31
7.34	30
7.373	33
7.404	31
7.437	33
7.479	41
7.511	32
7.542	31
7.576	33
7.611	35
7.642	31
7.673	30
7.705	31
7.736	31
7.767	31
7.798	31
7.831	33
7.863	32
7.894	31
7.926	31
7.957	31
7.988	31
8.019	31
8.05	31
8.082	32
8.114	32
8.145	31
8.176	31
8.207	31
8.241	34
8.273	31
8.304	31
8.335	31
8.367	32
8.397	30
8.431	34
8.462	31
8.498	36
8.529	31
8.561	32
8.592	31
8.624	32
8.657	33
8.687	30
8.718	31
8.753	34
8.784	31
8.815	31
8.846	30
8.879	33
8.911	32
8.943	32
8.975	32
9.006	31
9.039	33
9.069	30
9.103	34
9.133	30
9.165	32
9.196	31
9.227	31
9.258	31
9.289	31
9.32	31
9.351	31
9.398	46
9.43	32
9.462	32
9.493	31
9.534	41
9.566	32
9.597	31
9.641	44
9.675	34
9.706	31
9.737	31
9.768	31
9.799	31
9.834	35
9.866	32
9.897	31
9.928	31
9.96	32
9.992	32
10.036	44
10.067	31
10.097	30
10.128	31
10.159	31
10.201	41
10.232	31
10.263	31
10.297	34
10.336	39
10.374	38
10.405	31
10.436	31
10.467	31
10.499	32
10.531	32
10.562	31
10.596	33
10.628	32
10.661	33
10.692	31
10.723	31
10.754	31
10.786	32
10.817	31
10.849	32
10.88	31
10.911	31
10.943	32
10.973	30
11.005	32
11.037	32
11.069	32
11.099	30
11.13	31
11.161	30
11.193	32
11.224	31
11.258	34
11.29	32
11.321	31
11.352	31
11.384	32
11.415	31
11.448	33
11.48	32
11.511	31
11.542	30
11.573	31
11.604	31
11.636	32
11.684	48
11.714	30
11.746	31
11.777	31
11.808	31
11.839	31
11.87	30
11.901	31
11.981	80
12.012	31
12.044	31
12.076	32
12.107	31
12.138	31
12.169	31
12.2	31
12.234	34
12.265	30
12.297	32
12.329	32
12.367	38
12.4	33
12.432	32
12.472	40
12.504	32
12.555	51
12.594	39
12.626	32
12.658	32
12.692	34
12.724	31
12.756	32
12.786	30
12.817	31
12.849	32
12.88	31
12.912	31
12.943	31
12.974	31
13.005	31
13.036	31
13.068	31
13.099	31
13.131	32
13.161	30
13.192	31
13.236	44
13.266	30
13.298	31
13.329	31
13.361	32
13.392	31
13.423	31
13.456	33
13.488	32
13.519	31
13.55	31
13.581	31
13.612	31
13.643	31
13.68	37
13.712	31
13.743	31
13.775	31
13.806	31
13.837	31
13.874	36
13.906	32
13.937	31
13.972	35
14.009	37
14.051	41
14.083	32
14.115	32
14.146	31
14.177	31
14.213	36
14.261	48
14.292	31
14.325	33
14.357	32
14.39	33
14.424	34
14.455	31
14.488	33
14.519	31
14.55	31
14.581	31
14.613	32
14.644	31
14.675	31
14.706	31
14.752	46
14.785	33
14.817	31
14.849	32
14.906	57
14.94	34
14.971	31
15.01	39
15.042	32
15.073	31
15.104	31
15.142	38
15.174	32
15.206	31
15.238	32
15.274	35
15.306	31
15.338	31
15.369	31
15.4	31
15.431	31
15.463	32
15.494	31
15.526	32
15.57	44
15.601	31
15.632	31
15.666	34
15.698	32
15.73	32
15.784	54
15.815	31
15.85	35
15.881	31
15.911	30
15.942	31
15.974	31
16.006	32
16.037	31
16.071	34
16.128	57
16.159	31
16.19	31
16.222	32
16.253	31
16.284	31
16.316	32
16.347	31
16.378	31
16.411	32
16.443	32
16.473	30
16.508	35
16.538	30
16.57	31
16.601	31
16.633	32
16.668	35
16.7	32
16.732	31
16.763	31
16.794	31
16.825	31
16.857	31
16.888	31
16.92	32
16.952	32
16.983	31
17.014	31
17.075	60
17.106	31
17.14	34
17.186	46
17.217	31
17.252	35
17.291	39
17.323	32
17.355	32
17.386	31
17.418	32
17.449	31
17.481	32
17.512	31
17.543	31
17.575	31
17.606	31
17.637	31
17.67	32
17.702	32
17.734	32
17.767	33
17.798	31
17.829	31
17.86	31
17.892	32
17.929	37
17.959	30
17.991	32
18.023	32
18.063	40
18.095	32
18.126	31
18.158	31
18.189	31
18.22	31
18.252	32
18.285	33
18.316	31
18.355	39
18.387	32
18.418	31
18.45	32
18.481	31
18.512	31
18.543	31
18.574	31
18.606	32
18.637	31
18.668	31
18.699	31
18.73	31
18.762	32
18.794	32
18.826	32
18.856	30
18.89	33
18.921	30
18.953	32
18.997	44
19.029	32
19.06	31
19.091	31
19.134	43
19.166	32
19.198	32
19.229	31
19.26	30
19.291	31
19.321	30
19.354	32
19.386	32
19.419	33
19.45	31
19.484	34
19.514	30
19.57	55
19.603	33
19.647	44
19.678	31
19.711	33
19.743	32
19.774	31
19.805	31
19.836	31
19.867	31
19.898	31
19.929	31
19.963	34
20.018	55
20.053	35
20.085	32
20.117	32
20.155	38
20.186	31
20.218	32
20.262	44
20.295	33
20.326	31
20.357	31
20.388	31
20.419	31
20.45	31
20.481	31
20.512	31
20.543	31
20.575	31
20.606	31
20.638	32
20.671	33
20.706	35
20.738	32
20.769	31
20.8	31
20.832	32
20.863	31
20.902	39
20.934	32
20.969	35
21.008	39
21.041	33
21.072	31
21.104	32
21.135	31
21.167	32
21.198	31
21.229	31
21.265	36
21.299	34
21.331	32
21.38	48
21.411	31
21.443	32
21.474	31
21.505	31
21.583	78
21.615	32
21.647	32
21.679	32
21.71	31
21.74	30
21.773	33
21.804	31
21.835	31
21.867	31
21.899	32
21.939	40
21.971	32
22.019	48
22.06	41
22.095	35
22.128	33
22.16	32
22.196	36
22.23	34
22.275	45
22.307	31
22.338	31
22.371	33
22.402	31
22.435	33
22.47	35
22.502	32
22.534	32
22.565	31
22.6	35
22.632	32
22.671	39
22.702	31
22.734	32
22.766	32
22.796	30
22.847	50
22.878	31
22.91	32
22.964	54
23.017	53
23.069	52
23.102	33
23.15	48
23.208	58
23.239	31
23.269	30
23.3	31
23.331	31
23.363	32
23.396	32
23.427	31
23.463	36
23.494	31
23.525	31
23.563	38
23.594	31
23.626	32
23.66	34
23.695	35
23.726	30
23.757	30
23.788	31
23.819	31
23.85	31
23.882	32
23.914	32
23.945	31
23.977	31
24.011	34
24.044	33
24.076	32
24.115	39
24.146	31
24.178	31
24.209	31
24.241	32
24.275	34
24.309	34
24.341	32
24.372	31
24.403	31
24.438	35
24.475	37
24.506	31
24.537	31
24.568	31
24.599	31
24.63	30
24.661	31
24.692	31
24.724	31
24.759	35
24.79	31
24.821	31
24.865	44
24.896	31
24.927	31
24.963	36
24.995	32
25.026	31
25.058	32
25.09	31
25.121	31
25.158	37
25.191	33
25.233	42
25.264	31
25.295	31
25.325	30
25.357	32
25.395	38
25.426	31
25.457	31
25.49	32
25.52	30
25.551	31
25.582	31
25.613	31
25.644	31
25.68	35
25.712	32
25.744	32
25.775	30
25.807	32
25.839	32
25.87	31
25.902	32
25.933	31
25.965	32
25.996	31
26.036	40
26.067	31
26.099	31
26.132	33
26.162	30
26.194	31
26.226	32
26.257	31
26.288	31
26.32	31
26.351	31
26.382	31
26.413	31
26.447	34
26.48	33
26.512	32
26.543	31
26.574	30
26.605	31
26.637	31
26.675	38
26.706	31
26.739	33
26.77	31
26.802	32
26.838	36
26.87	32
26.902	32
26.934	32
26.965	31
26.997	32
27.029	32
27.06	31
27.091	31
27.123	32
27.161	38
27.193	32
27.225	32
27.256	31
27.288	32
27.319	31
27.35	31
27.381	31
27.412	31
27.45	38
27.486	36
27.525	39
27.556	31
27.589	33
27.62	31
27.652	32
27.687	34
27.718	31
27.751	33
27.791	40
27.822	30
27.854	32
27.885	31
27.917	32
27.955	38
27.987	32
28.018	31
28.05	32
28.081	31
28.112	31
28.144	32
28.176	32
28.209	33
28.239	30
28.271	32
28.303	31
28.334	31
28.365	31
28.397	32
28.431	34
28.462	31
28.494	31
28.526	32
28.56	34
28.598	38
28.631	33
28.663	32
28.698	35
28.729	31
28.76	31
28.792	31
28.825	33
28.863	38
28.897	34
28.935	38
28.966	31
28.999	33
29.036	37
29.067	31
29.099	32
29.131	32
29.167	36
29.214	47
29.247	32
29.282	35
29.314	32
29.345	31
29.395	50
29.429	34
29.461	32
29.498	37
29.576	78
29.608	32
29.64	32
29.692	52
29.723	31
29.755	32
29.791	36
29.827	36
29.882	55
29.914	32
29.945	31
29.988	43
30.024	36
30.056	32
30.087	31
30.118	31
30.166	47
30.207	41
30.239	32
30.278	39
30.322	44
30.361	39
30.398	37
30.429	31
30.46	31
30.494	34
30.538	44
30.607	69
30.655	48
30.686	31
30.719	33
30.751	32
30.782	31
30.813	31
30.844	31
30.875	31
30.907	32
30.938	31
30.969	31
31.0	31
31.047	47
31.079	32
31.11	31
31.179	69
31.217	38
31.251	34
31.282	31
31.313	31
31.344	31
31.376	32
31.407	31
31.439	32
31.471	32
31.505	34
31.541	36
31.573	31
31.619	46
31.651	32
31.683	32
31.715	32
31.745	30
31.783	38
31.815	31
31.847	32
31.879	32
31.909	30
31.94	30
31.971	31
32.002	31
32.034	32
32.064	30
32.095	31
32.126	31
32.163	37
32.195	32
32.226	31
32.257	31
32.289	32
32.322	33
32.353	31
32.384	31
32.423	38
32.454	31
32.485	31
32.516	31
32.547	31
32.585	38
32.617	32
32.648	31
32.689	41
32.782	92
32.813	31
32.844	31
32.884	40
32.915	31
32.967	52
32.998	31
33.029	31
33.065	35
33.1	35
33.131	31
33.161	30
33.193	31
33.228	35
33.261	33
33.292	31
33.323	31
33.355	31
33.391	36
33.422	30
33.454	32
33.485	31
33.517	31
33.587	70
33.619	32
33.65	31
33.682	32
33.716	34
33.747	31
33.779	32
33.812	33
33.843	31
33.874	31
33.905	31
33.936	31
33.967	31
33.998	31
34.03	32
34.065	35
34.098	33
34.13	31
34.163	33
34.195	32
34.227	32
34.258	30
34.29	31
34.32	30
34.356	35
34.388	32
34.419	31
34.45	31
34.486	36
34.519	33
34.557	38
34.589	31
34.621	32
34.654	33
34.685	31
34.716	31
34.748	32
34.781	33
34.812	31
34.846	34
34.878	32
34.909	31
34.944	35
34.983	39
35.023	40
35.055	31
35.086	31
35.122	36
35.153	31
35.185	32
35.216	31
35.248	31
35.279	31
35.318	39
35.367	49
35.399	32
35.431	32
35.462	31
35.493	31
35.525	32
35.56	35
35.592	32
35.626	34
35.657	31
35.689	32
35.723	34
35.763	40
35.796	33
35.852	56
35.891	39
35.924	33
35.956	32
35.991	35
36.023	32
36.055	32
36.086	31
36.116	30
36.148	32
36.179	31
36.213	34
36.244	31
36.277	33
36.308	31
36.339	31
36.372	33
36.404	32
36.434	30
36.465	31
36.497	31
36.528	31
36.56	31
36.591	31
36.623	32
36.654	31
36.686	32
36.717	31
36.748	31
36.779	31
36.811	32
36.841	30
36.873	32
36.904	31
36.936	31
36.967	31
36.998	31
37.032	33
37.065	32
37.101	36
37.132	31
37.163	31
37.195	32
37.226	31
37.257	31
37.289	32
37.323	33
37.358	35
37.393	35
37.425	32
37.459	34
37.494	35
37.527	33
37.558	31
37.59	32
37.621	31
37.651	30
37.683	32
37.715	32
37.744	29
37.776	31
37.808	32
37.839	31
37.87	31
37.902	32
37.932	30
37.968	35
38.0	32
38.03	30
38.061	31
38.093	32
38.125	32
38.157	32
38.196	39
38.227	31
38.26	33
38.292	32
38.324	32
38.356	31
38.386	30
38.417	30
38.449	32
38.48	31
38.512	32
38.543	31
38.582	39
38.615	33
38.647	32
38.678	31
38.709	31
38.741	32
38.772	31
38.814	42
38.861	47
38.895	34
38.934	39
38.969	35
39.001	32
39.034	33
39.065	31
39.097	32
39.128	31
39.16	32
39.192	32
39.223	31
39.254	30
39.285	31
39.316	31
39.349	33
39.38	31
39.411	31
39.442	31
39.476	34
39.507	31
39.538	31
39.569	31
39.6	31
39.632	31
39.663	31
39.696	33
39.727	31
39.759	32
39.79	31
39.823	33
39.855	32
39.885	30
39.916	30
39.946	30
39.982	36
40.015	33
40.055	31
40.087	32
40.119	32
40.155	36
40.187	32
40.221	34
40.252	31
40.285	33
40.317	32
40.348	31
40.38	32
40.411	31
40.443	32
40.474	31
40.506	32
40.537	31
40.57	33
40.602	31
40.634	32
40.665	31
40.696	31
40.727	31
40.778	51
40.809	31
40.85	41
40.883	33
40.916	33
40.947	31
40.982	35
41.015	33
41.046	31
41.096	50
41.129	33
41.175	46
41.206	31
41.237	31
41.269	32
41.302	33
41.334	32
41.365	31
41.397	32
41.427	30
41.459	32
41.492	33
41.523	31
41.555	31
41.586	31
41.619	33
41.651	32
41.686	35
41.717	31
41.748	31
41.78	32
41.812	32
41.844	31
41.875	31
41.906	30
41.937	31
41.968	31
42.0	32
42.036	36
42.067	31
42.099	32
42.13	31
42.161	31
42.192	31
42.224	32
42.255	31
42.287	32
42.321	34
42.353	32
42.384	31
42.414	30
42.446	32
42.477	31
42.508	31
42.54	31
42.574	33
42.609	35
42.639	30
42.679	39
42.71	31
42.741	31
42.773	32
42.804	31
42.836	32
42.867	31
42.899	31
42.93	31
42.962	31
42.994	32
43.026	31
43.057	31
43.088	31
43.12	32
43.152	32
43.183	31
43.214	31
43.245	31
43.278	33
43.318	40
43.35	32
43.381	31
43.412	31
43.443	31
43.476	32
43.51	34
43.541	31
43.572	31
43.603	31
43.635	32
43.666	31
43.7	34
43.732	32
43.766	34
43.798	32
43.829	31
43.861	32
43.892	31
43.924	32
43.956	32
43.988	32
44.023	35
44.054	31
44.086	32
44.117	31
44.149	32
44.18	31
44.214	34
44.246	32
44.278	32
44.308	30
44.34	31
44.371	31
44.402	31
44.433	31
44.464	31
44.496	32
44.527	31
44.558	30
44.599	40
44.63	31
44.661	31
44.692	31
44.728	36
44.759	31
44.791	32
44.822	31
44.855	33
44.886	31
44.917	30
44.948	31
44.979	31
45.01	31
45.041	31
45.091	49
45.13	39
45.171	41
45.202	31
45.238	36
45.27	32
45.301	31
45.377	76
45.408	31
45.443	35
45.486	43
45.541	55
45.573	32
45.605	32
45.636	31
45.67	34
45.7	30
45.731	31
45.763	32
45.794	31
45.825	31
45.877	52
45.91	33
45.941	31
45.973	32
46.004	31
46.037	33
46.07	33
46.1	30
46.132	32
46.163	31
46.195	32
46.226	31
46.257	31
46.288	31
46.319	31
46.35	30
46.383	33
46.416	33
46.448	32
46.479	31
46.517	38
46.549	32
46.582	33
46.612	30
46.644	32
46.675	31
46.707	31
46.738	31
46.769	31
46.8	31
46.832	32
46.863	31
46.895	32
46.928	33
46.96	31
46.991	31
47.022	31
47.053	30
47.085	32
47.118	33
47.157	39
47.188	31
47.22	32
47.251	31
47.286	35
47.318	32
47.35	32
47.38	30
47.412	32
47.443	31
47.474	31
47.506	32
47.538	31
47.569	31
47.6	31
47.631	31
47.665	34
47.696	31
47.728	32
47.76	32
47.802	42
47.833	31
47.864	31
47.895	31
47.926	31
47.958	32
47.989	31
48.02	31
48.051	31
48.082	31
48.114	31
48.146	32
48.177	31
48.209	32
48.24	31
48.27	30
48.302	31
48.334	32
48.365	31
48.396	31
48.436	40
48.467	31
48.498	31
48.529	31
48.56	31
48.591	31
48.623	32
48.654	31
48.684	30
48.716	31
48.748	32
48.778	30
48.809	31
48.84	31
48.872	31
48.903	31
48.937	34
48.969	32
48.999	30
49.034	35
49.076	41
49.108	32
49.139	31
49.172	32
49.204	32
49.235	31
49.266	31
49.297	31
49.328	31
49.36	31
49.392	32
49.424	32
49.454	30
49.486	31
49.517	31
49.548	31
49.579	31
49.611	32
49.642	31
49.673	31
49.715	41
49.746	31
49.777	31
49.809	32
49.84	31
49.871	31
49.902	31
49.933	31
49.964	31
49.995	31
50.029	34
50.06	31
50.093	33
50.124	31
50.156	32
50.191	34
50.225	34
50.263	38
50.295	32
50.327	32
50.38	53
50.412	31
50.443	31
50.475	31
50.506	31
50.538	32
50.569	31
50.601	32
50.635	34
50.665	30
50.697	32
50.728	31
50.759	30
50.791	32
50.823	32
50.855	32
50.886	31
50.917	31
50.949	32
50.985	36
51.016	31
51.047	31
51.078	31
51.11	32
51.15	40
51.213	63
55.223	4010
55.325	102
55.357	32
55.389	32
55.419	30
55.45	30
55.482	31
55.514	32
55.546	32
55.576	30
55.614	38
55.644	30
55.676	31
55.707	31
55.738	31
55.77	32
55.802	32
55.833	31
55.864	30
55.895	31
55.926	31
55.959	33
55.991	32
56.023	32
56.054	31
56.085	31
56.117	32
56.148	31
56.179	31
56.211	32
56.243	32
56.274	31
56.305	31
56.336	31
56.369	33
56.401	32
56.432	31
56.464	32
56.497	33
56.528	31
56.559	31
56.59	31
56.621	31
56.653	32
56.685	32
56.716	31
56.757	41
56.788	31
56.82	32
56.853	33
56.885	32
56.917	32
56.949	32
56.98	31
57.015	35
57.046	31
57.078	32
57.109	31
57.142	33
57.174	32
57.204	30
57.236	31
57.267	31
57.299	32
57.33	31
57.361	31
57.396	35
57.427	31
57.46	32
57.492	31
57.526	34
57.56	34
57.59	30
57.621	31
57.654	33
57.685	31
57.717	32
57.747	30
57.778	31
57.809	30
57.841	31
57.872	31
57.905	33
57.937	32
57.969	32
58.0	31
58.039	39
58.071	32
58.102	31
58.133	31
58.165	32
58.197	32
58.228	31
58.259	31
58.29	31
58.321	31
58.352	31
58.383	31
58.417	34
58.449	31
58.48	31
58.511	31
58.542	31
58.574	32
58.606	32
58.637	31
58.676	39
58.708	32
58.74	32
58.772	32
58.802	30
58.833	31
58.864	31
58.897	32
58.929	32
58.973	44
59.006	33
59.038	32
59.081	43
59.114	33
59.145	31
59.177	32
59.208	31
59.239	31
59.27	30
59.304	34
59.339	35
59.371	32
59.41	39
59.442	32
59.473	31
59.504	31
59.535	31
59.572	37
59.617	45
59.649	32
59.68	31
59.712	32
59.743	31
59.774	31
59.83	56
59.861	31
59.894	32
59.925	31
59.979	54
60.029	50
60.06	31
60.093	32
60.125	32
60.157	32
60.189	32
60.221	32
60.252	31
60.284	32
60.315	31
60.346	31
60.378	31
60.409	31
60.44	31
60.471	31
60.501	30
60.532	31
60.564	32
60.607	43
60.639	31
60.67	31
60.701	31
60.733	32
60.765	32
60.796	31
60.827	31
60.858	31
60.899	41
60.967	68
60.998	31
61.03	32
61.061	31
61.093	32
61.125	32
61.156	31
61.192	36
61.225	33
61.257	32
61.288	31
61.32	32
61.351	31
61.383	31
61.422	39
61.454	32
61.485	31
61.519	34
61.553	33
61.585	32
61.616	31
61.648	32
61.693	45
61.725	32
61.757	32
61.788	31
61.819	31
61.85	31
61.881	31
61.913	32
61.943	30
61.974	30
62.007	32
62.045	38
62.076	31
62.107	30
62.138	31
62.169	31
62.2	31
62.232	32
62.269	37
62.3	31
62.331	31
62.362	31
62.395	33
62.426	31
62.457	31
62.488	31
62.519	31
62.55	31
62.582	32
62.615	33
62.647	32
62.678	31
62.717	39
62.788	70
62.82	32
62.852	32
62.883	31
62.914	31
62.946	32
62.977	31
63.009	32
63.042	33
63.073	31
63.104	31
63.145	41
63.177	32
63.21	33
63.241	31
63.276	35
63.308	32
63.339	31
63.371	32
63.402	31
63.434	32
63.466	31
63.498	32
63.529	31
63.562	32
63.594	32
63.625	31
63.657	31
63.689	32
63.722	33
63.753	31
63.785	32
63.816	31
63.847	31
63.879	32
63.91	31
63.941	31
63.971	30
64.003	32
64.034	31
64.067	33
64.098	31
64.134	36
64.167	32
64.198	31
64.23	31
64.263	33
64.294	31
64.325	31
64.357	32
64.389	32
64.424	35
64.458	34
64.49	32
64.522	32
64.553	31
64.584	31
64.615	31
64.648	33
64.68	32
64.712	32
64.743	31
64.775	32
64.805	30
64.837	31
64.868	31
64.909	41
64.942	33
64.973	31
65.004	31
65.036	32
65.077	41
65.109	32
65.14	31
65.171	31
65.206	35
65.239	33
65.27	31
65.302	32
65.333	31
65.363	30
65.395	32
65.426	31
65.457	31
65.489	32
65.52	31
65.561	41
65.593	32
65.624	31
65.655	31
65.687	32
65.719	32
65.75	31
65.78	30
65.811	31
65.843	32
65.874	31
65.905	31
65.948	43
65.979	31
66.01	30
66.044	33
66.076	32
66.108	31
66.14	32
66.172	32
66.203	31
66.234	31
66.264	30
66.296	32
66.327	31
66.359	32
66.389	30
66.42	31
66.451	31
66.482	31
66.513	31
66.547	34
66.579	32
66.61	31
66.641	30
66.673	31
66.704	31
66.737	33
66.768	31
66.8	32
66.831	31
66.862	31
66.893	31
66.925	31
66.956	31
66.997	41
67.028	31
67.059	30
67.093	33
67.127	34
67.16	33
67.193	33
67.225	32
67.256	31
67.287	31
67.319	32
67.35	31
67.381	31
67.412	31
67.443	31
67.474	31
67.505	31
67.537	31
67.569	32
67.6	31
67.637	37
67.668	31
67.699	31
67.732	32
67.766	34
67.798	32
67.83	32
67.864	34
67.915	51
67.946	31
67.977	31
68.008	31
68.04	32
68.074	34
68.105	31
68.137	31
68.169	32
68.201	32
68.233	32
68.265	32
68.296	31
68.329	33
68.361	31
68.396	35
68.428	32
68.459	31
68.49	31
68.55	60
68.588	38
68.62	32
68.657	37
68.689	32
68.721	32
68.752	31
68.783	31
68.825	42
68.857	32
68.887	30
68.919	31
68.95	31
68.982	32
69.013	31
69.048	35
69.08	32
69.129	49
69.171	42
69.203	32
69.234	31
69.265	31
69.297	32
69.336	39
69.367	31
69.399	32
69.43	31
69.469	39
69.5	31
69.531	31
69.579	48
69.613	34
69.646	33
69.677	31
69.712	35
69.744	31
69.775	31
69.806	31
69.838	32
69.868	30
69.9	32
69.932	32
69.963	31
69.994	31
70.026	31
70.061	35
70.092	31
70.124	32
70.185	61
70.227	42
70.258	30
70.292	34
70.327	35
70.358	31
70.391	33
70.423	32
70.455	32
70.486	31
70.517	30
70.548	31
70.58	32
70.611	31
70.642	31
70.674	32
70.705	31
70.737	32
70.775	38
70.807	32
70.844	37
70.875	31
70.906	31
70.945	38
70.977	32
71.008	31
71.049	32
71.081	32
71.115	34
71.146	31
71.178	31
71.21	32
71.241	31
71.272	31
71.306	34
71.338	32
71.369	31
71.401	32
71.433	32
71.465	32
71.497	32
71.528	31
71.559	31
71.591	31
71.622	31
71.653	31
71.69	37
71.721	31
71.752	31
71.783	31
71.815	32
71.846	31
71.876	30
71.908	31
71.938	30
71.97	32
72.002	32
72.033	31
72.066	33
72.104	38
72.138	34
72.17	31
72.202	32
72.234	32
72.264	30
72.295	31
72.327	31
72.358	31
72.39	32
72.421	31
72.452	31
72.483	31
72.514	31
72.548	34
72.579	31
72.612	33
72.643	31
72.674	31
72.705	31
72.746	41
72.777	31
72.808	31
72.839	31
72.871	32
72.902	31
72.933	31
72.965	31
72.996	31
73.028	32
73.06	32
73.092	32
73.123	31
73.155	31
73.186	31
73.217	31
73.249	32
73.28	31
73.312	32
73.344	32
73.385	41
73.415	30
73.447	32
73.479	32
73.509	30
73.541	32
73.572	31
73.603	31
73.635	32
73.667	32
73.699	32
73.73	31
73.761	31
73.793	32
73.824	31
73.855	31
73.887	32
73.919	32
73.95	31
73.982	32
74.013	31
74.045	32
74.077	32
74.109	32
74.14	31
74.171	31
74.202	31
74.234	32
74.265	31
74.297	32
74.328	31
74.359	31
74.391	32
74.423	32
74.455	32
74.487	32
74.518	31
74.549	31
74.58	31
74.611	31
74.642	31
74.692	50
74.723	31
74.755	32
74.788	33
74.819	31
74.863	43
74.9	36
74.936	36
74.967	31
74.999	32
75.038	39
75.07	32
75.102	32
75.133	31
75.165	32
75.197	32
75.228	31
75.259	31
75.293	33
75.325	32
75.356	31
75.388	31
75.42	32
75.452	32
75.483	31
75.514	31
75.551	37
75.582	31
75.613	31
75.645	31
75.677	31
75.732	55
75.781	49
75.862	81
75.894	32
75.924	30
75.958	34
75.992	34
76.023	31
76.054	31
76.093	39
76.124	31
76.158	34
76.195	37
76.226	31
76.258	32
76.289	31
76.32	31
76.369	49
76.416	47
76.446	30
76.499	53
76.545	46
76.585	40
76.617	32
76.648	31
76.679	31
76.713	34
76.75	37
76.781	31
76.813	32
76.849	36
76.904	55
76.935	31
76.966	31
77.0	34
77.031	31
77.063	32
77.094	30
77.125	31
77.157	32
77.188	31
77.225	37
77.258	33
77.29	32
77.322	32
77.353	31
77.386	33
77.417	31
77.448	31
77.479	31
77.51	31
77.542	31
77.574	31
77.605	31
77.636	31
77.668	32
77.7	32
77.731	31
77.762	31
77.795	33
77.827	32
77.865	38
77.898	33
77.929	31
77.96	31
77.991	31
78.025	34
78.072	47
78.103	31
78.136	33
78.166	30
78.199	33
78.23	31
78.266	36
78.298	32
78.33	32
78.362	32
78.394	32
78.425	31
78.457	32
78.487	30
78.519	32
78.551	32
78.584	33
78.614	30
78.646	31
78.677	31
78.716	39
78.748	32
78.779	31
78.816	37
78.85	34
78.888	38
78.92	32
78.954	34
78.985	31
79.019	34
79.056	36
79.09	34
79.123	33
79.181	58
79.212	31
79.244	32
79.275	31
79.307	32
79.339	32
79.37	31
79.404	34
79.434	30
79.466	31
79.5	34
79.53	30
79.561	31
79.599	38
79.63	31
79.661	31
79.692	31
79.724	31
79.755	31
79.801	45
79.832	31
79.863	31
79.894	31
79.926	32
79.958	32
79.989	31
80.02	31
80.054	34
80.087	33
80.118	31
80.151	33
80.182	31
80.213	31
80.244	31
80.275	31
80.306	31
80.338	32
80.387	49
80.424	37
80.456	32
80.487	31
80.519	32
80.55	31
80.581	31
80.614	33
80.645	31
80.677	31
80.709	32
80.74	31
80.771	31
80.803	32
80.835	32
80.869	34
80.907	38
80.941	34
80.976	35
81.008	32
81.039	31
81.078	39
81.114	35
81.149	34
81.2	50
81.232	32
81.263	31
81.296	33
81.327	31
81.358	31
81.389	31
81.421	32
81.453	32
81.487	34
81.521	34
81.556	35
81.591	34
81.622	31
81.654	31
81.685	31
81.717	32
81.748	31
81.779	31
81.811	32
81.842	31
81.874	32
81.906	32
81.937	31
81.969	32
82.0	31
82.032	32
82.063	31
82.094	31
82.125	31
82.156	31
82.187	30
82.219	32
82.25	31
82.281	31
82.312	31
82.344	32
82.374	30
82.409	34
82.442	32
82.474	32
82.506	32
82.537	31
82.568	31
82.599	31
82.631	32
82.663	32
82.694	31
82.726	31
82.757	31
82.792	35
82.822	30
82.854	32
82.896	42
82.945	49
82.984	39
83.018	34
83.077	59
83.108	31
83.14	32
83.171	31
83.202	31
83.233	31
83.264	31
83.297	33
83.334	37
83.365	31
83.398	33
83.429	31
83.471	42
83.508	37
83.54	32
83.574	34
87.577	4003
87.677	100
87.708	31
87.738	30
87.769	31
87.801	32
87.837	36
87.869	32
87.901	32
87.933	32
87.965	32
87.995	30
88.026	31
88.057	31
88.088	31
88.119	31
88.15	30
88.181	30
88.215	33
88.247	32
88.279	32
88.31	31
88.342	32
88.373	31
88.404	31
88.436	32
88.467	31
88.498	31
88.53	32
88.561	31
88.592	31
88.625	33
88.657	32
88.688	31
88.719	31
88.784	65
88.816	32
88.848	32
88.879	31
88.91	31
88.941	31
88.972	31
89.003	31
89.034	31
89.067	33
89.098	31
89.13	32
89.161	31
89.196	35
89.229	33
89.261	32
89.293	32
89.324	31
93.33	4005
93.362	32
93.399	37
93.43	31
93.461	31
93.493	32
93.525	32
93.555	30
93.586	31
93.618	32
93.649	31
93.68	31
93.711	31
93.745	34
93.778	33
93.809	31
93.84	31
93.878	38
93.911	33
93.942	31
93.973	31
94.004	31
94.035	31
94.067	32
94.098	31
94.13	32
94.162	32
94.193	31
94.225	32
94.257	32
94.289	32
94.321	32
94.352	31
94.383	31
94.415	32
94.45	35
94.481	31
94.527	46
94.565	38
94.605	40
94.636	31
94.667	31
94.698	31
94.73	32
94.761	31
94.794	33
94.825	31
94.856	31
94.888	32
94.919	31
94.95	31
94.981	31
95.012	31
95.044	31
95.075	31
95.107	32
95.146	39
95.179	32
95.211	32
95.242	31
95.274	32
95.305	31
95.336	31
95.367	31
95.398	31
95.429	31
95.461	32
95.492	31
95.522	30
95.554	31
95.588	34
95.62	32
95.652	32
95.684	32
95.715	31
95.747	32
95.787	40
95.819	32
95.853	34
95.887	34
95.917	30
95.949	32
95.98	31
96.012	32
96.043	31
96.074	31
96.106	31
96.137	31
96.168	31
96.199	31
96.233	34
96.266	32
96.297	31
96.329	32
96.361	32
96.392	31
96.426	34
96.457	31
96.488	31
96.52	32
96.551	31
96.583	32
96.613	30
96.644	31
96.677	33
96.709	32
96.74	31
96.771	31
96.803	31
96.834	31
96.865	31
96.897	32
96.928	31
96.96	32
96.994	34
97.026	32
97.066	40
97.098	32
97.13	31
97.161	31
97.193	32
97.226	33
97.259	32
97.29	31
97.322	32
97.355	33
97.386	31
97.417	31
97.448	31
97.48	32
97.51	30
97.541	31
97.572	31
97.604	31
97.636	32
97.67	34
97.706	36
97.738	31
97.773	35
97.803	30
97.836	33
97.867	31
97.904	37
97.936	32
97.967	31
97.998	31
98.03	32
98.061	31
98.092	30
98.124	32
98.154	30
98.186	32
98.218	32
98.251	33
98.283	32
98.314	31
98.393	79
98.425	32
98.456	31
98.487	31
98.519	32
98.55	31
98.581	31
98.613	32
98.645	32
98.676	31
98.708	32
98.739	31
98.771	32
98.807	36
102.812	4005
102.908	95
102.939	31
102.969	30
103.001	31
103.032	31
103.064	32
103.096	32
103.129	33
103.16	31
103.191	30
103.222	31
103.253	31
103.285	32
103.316	31
103.347	31
103.378	31
103.41	32
103.442	32
103.479	37
103.51	31
103.546	36
103.577	31
103.608	31
103.64	32
103.672	32
103.703	31
103.734	31
103.765	31
103.797	32
103.828	31
103.86	32
103.891	31
103.922	31
103.954	32
103.986	32
104.017	31
104.049	31
104.09	41
104.122	31
104.153	31
104.184	31
104.216	32
104.252	36
104.287	34
104.319	32
104.357	38
104.388	31
104.42	32
104.452	32
104.483	31
104.514	31
104.545	31
104.576	31
104.608	32
104.639	31
104.669	30
104.703	34
104.734	31
104.765	31
104.797	32
104.827	30
104.858	30
104.889	31
104.92	31
104.952	32
104.987	35
105.018	31
105.05	32
105.081	31
105.115	34
105.146	31
105.176	30
105.208	32
105.24	32
105.279	39
105.31	31
105.342	32
105.387	45
105.42	33
105.45	30
105.482	32
105.513	31
105.555	42
105.591	36
105.625	34
105.656	31
105.688	32
105.72	32
105.753	33
105.786	32
105.819	33
105.851	31
105.883	32
105.913	30
105.964	51
105.997	33
106.039	42
106.073	34
106.105	32
106.137	32
106.17	33
106.201	30
106.232	30
106.264	32
106.302	38
106.333	30
106.365	32
106.397	32
106.442	45
106.498	56
106.529	31
106.56	31
106.591	31
106.625	34
106.669	44
106.701	32
106.732	31
106.764	32
106.795	31
106.825	30
106.857	32
106.888	31
106.92	32
106.954	33
106.986	32
107.017	31
107.073	56
107.105	31
107.136	31
107.183	47
107.215	32
107.246	31
107.277	31
107.332	54
107.366	33
107.401	35
107.434	33
107.466	32
107.499	33
107.53	31
107.561	31
107.593	31
107.624	31
107.655	31
107.686	31
107.717	31
107.747	30
107.778	31
107.809	31
107.841	31
107.872	31
107.907	35
107.983	76
108.017	34
108.051	33
108.083	32
108.114	31
108.145	31
108.176	31
108.208	32
108.239	31
108.27	31
108.301	31
108.335	34
108.366	31
108.398	32
108.428	30
108.46	31
108.491	31
108.523	32
108.554	31
108.587	32
108.619	32
108.65	31
108.681	31
108.713	32
108.745	32
108.776	31
108.808	32
108.842	34
108.874	32
108.905	31
108.945	40
108.976	31
109.007	30
109.039	32
109.07	31
109.102	32
109.138	36
109.17	32
109.204	34
109.242	38
109.273	31
109.305	32
109.337	32
109.368	31
109.4	32
109.431	31
109.462	31
109.493	31
109.524	31
109.556	32
109.589	33
109.62	31
109.651	31
109.682	31
109.714	32
109.746	32
109.783	37
109.813	30
109.845	31
109.88	35
109.912	32
109.943	31
109.974	31
110.009	35
110.04	31
110.072	32
110.104	32
110.136	32
110.167	31
110.199	32
110.233	34
110.263	30
110.295	32
110.327	32
110.359	32
110.391	32
110.423	32
110.455	32
110.486	31
110.52	34
110.551	30
110.583	32
110.614	31
110.644	30
110.676	31
110.707	31
110.738	31
110.77	32
110.805	35
110.846	41
110.877	31
110.909	32
110.953	44
110.985	32
111.017	32
111.05	33
111.082	32
111.114	32
111.147	33
111.178	31
111.209	31
111.24	31
111.272	32
111.302	30
111.333	31
111.365	31
111.397	32
111.428	31
111.46	32
111.492	32
111.524	32
111.554	30
111.585	31
111.618	32
111.648	30
111.681	33
111.712	31
111.743	31
111.773	30
111.805	32
111.836	31
111.87	34
111.902	32
111.933	31
111.965	32
111.996	31
112.027	31
112.061	33
112.092	31
112.131	39
112.161	30
112.193	32
112.225	32
112.257	32
112.288	31
112.324	36
112.355	31
112.39	35
112.428	38
112.471	43
112.502	31
112.54	38
112.577	37
112.609	32
112.642	33
112.672	30
112.704	32
112.735	31
112.765	30
112.796	31
112.827	31
112.859	32
112.89	31
112.925	35
112.957	32
112.99	33
113.021	31
113.053	32
113.084	31
113.115	31
113.146	31
113.177	30
113.21	33
113.241	31
113.273	32
113.304	31
113.337	33
113.368	31
113.399	31
113.438	39
113.47	31
113.502	32
113.534	32
113.565	31
113.595	30
113.627	32
113.659	32
113.69	31
113.722	32
113.754	32
113.785	31
113.816	31
113.847	31
113.879	32
113.91	31
113.941	31
113.972	30
114.004	32
114.035	31
114.067	32
114.097	30
114.129	32
114.16	31
114.191	31
114.225	34
114.257	31
114.29	33
114.321	31
114.363	42
114.394	31
114.425	31
114.456	31
114.494	38
114.524	30
114.556	32
114.601	45
114.635	34
114.666	30
114.698	32
114.731	33
114.781	50
114.812	31
114.844	32
114.876	32
114.906	30
114.937	31
114.967	30
115.005	37
115.036	30
115.068	31
115.099	31
115.131	32
115.164	33
115.195	31
115.225	30
115.256	31
115.288	32
115.319	31
115.352	33
115.384	32
115.416	32
115.447	31
115.479	31
115.51	31
115.541	31
115.573	32
115.604	31
115.641	37
115.672	31
115.703	30
115.735	32
115.768	33
115.799	31
115.83	31
115.864	34
115.896	32
115.927	31
115.958	31
115.989	31
116.021	32
116.054	33
116.084	30
116.115	31
116.147	32
116.178	31
116.209	31
116.241	32
116.281	40
116.312	31
116.343	31
116.375	32
116.409	34
116.44	31
116.471	30
116.502	31
116.533	31
116.564	31
116.596	32
116.627	31
116.659	31
116.69	31
116.722	32
116.753	31
116.786	33
116.817	31
116.849	32
116.88	31
116.92	40
116.951	31
116.982	31
117.013	31
117.045	31
117.077	32
117.108	31
117.14	32
117.172	32
117.203	31
117.234	31
117.265	30
117.297	32
117.329	32
117.362	32
117.396	34
117.434	38
117.465	31
117.501	36
117.534	32
117.583	48
117.614	31
117.645	31
117.676	31
117.708	32
117.739	31
117.771	32
117.803	32
117.834	31
117.868	34
117.898	30
117.929	30
117.96	31
117.992	31
118.024	32
118.058	34
118.09	32
118.121	31
118.157	36
118.213	56
118.244	31
118.277	33
118.31	33
118.341	31
118.377	36
118.409	32
118.439	30
118.471	32
118.502	31
118.534	32
118.565	31
118.596	31
118.628	32
118.66	32
118.692	32
118.724	32
118.754	30
118.786	32
118.828	42
118.859	31
118.891	32
118.922	31
118.953	30
118.985	32
119.017	32
119.048	31
119.08	32
119.113	33
119.145	32
119.176	31
119.209	33
119.244	35
119.275	31
119.306	30
119.338	32
119.376	38
119.409	33
119.44	31
119.479	39
119.511	32
119.542	31
119.573	31
119.608	34
119.64	32
119.672	32
119.706	34
119.748	42
119.779	31
119.813	34
119.846	33
119.878	31
119.917	39
119.948	31
119.979	31
120.017	38
120.051	33
120.085	34
120.136	51
120.169	32
120.201	32
120.259	58
120.29	31
120.327	37
120.358	31
120.389	31
120.423	34
120.454	31
120.486	32
120.518	32
120.549	31
120.581	32
120.613	32
120.644	31
120.678	34
120.709	31
120.748	39
120.78	32
120.817	37
120.867	50
120.898	31
120.929	31
120.961	32
120.992	31
121.028	36
121.059	31
121.089	30
121.123	34
121.157	34
121.189	32
121.221	31
121.252	31
121.283	31
121.314	31
121.345	30
121.388	43
121.42	32
121.453	33
121.484	31
121.516	32
121.549	33
121.581	32
121.611	30
121.644	32
121.675	31
121.705	30
121.737	32
121.775	33
121.806	31
121.838	32
121.869	31
121.906	36
121.938	32
121.976	38
122.009	33
122.058	31
122.093	35
122.124	31
122.155	31
122.187	32
122.218	31
122.249	30
122.28	31
122.316	36
122.348	32
122.38	32
122.411	31
122.442	31
122.473	31
122.504	31
122.535	31
122.566	31
122.597	31
122.628	31
122.686	58
122.727	41
122.79	63
122.821	31
122.853	31
122.892	39
122.923	31
122.954	31
122.985	31
123.016	31
123.048	32
123.079	31
123.11	31
123.141	31
123.172	31
123.205	33
123.238	33
123.269	31
123.309	40
123.341	32
123.372	31
123.403	31
123.434	31
123.465	31
123.496	31
123.528	32
123.56	32
123.591	31
123.622	31
123.654	32
123.685	31
123.716	31
123.75	34
123.781	31
123.814	33
123.846	32
123.877	31
123.909	32
123.948	39
123.98	32
124.017	37
124.048	31
124.079	31
124.121	42
124.16	39
124.191	31
124.223	32
124.254	31
124.291	37
124.324	33
124.357	33
124.388	30
124.419	31
124.451	32
124.482	31
124.514	32
124.544	30
124.575	31
124.607	32
124.638	31
124.671	33
124.703	32
124.734	31
124.765	31
124.796	31
124.828	32
124.861	33
124.894	32
124.93	36
124.963	33
124.994	31
125.025	31
125.057	31
125.088	31
125.119	31
125.15	31
125.183	33
125.215	32
125.247	32
125.278	31
125.31	32
125.345	35
125.377	32
125.408	31
125.442	34
125.474	32
125.505	31
125.537	32
125.568	31
125.599	31
125.631	32
125.663	32
125.694	31
125.731	37
125.764	33
125.796	32
125.827	31
125.868	41
125.9	32
125.931	31
125.963	31
125.994	31
126.026	32
126.058	32
126.089	31
126.12	31
126.159	38
126.19	31
126.222	32
126.253	31
126.285	32
126.315	30
126.346	31
126.377	31
126.411	34
126.443	32
126.474	31
126.508	34
126.539	31
126.577	38
126.608	31
126.641	32
126.672	31
126.704	31
126.735	31
126.767	32
126.797	30
126.83	32
126.861	31
126.893	31
126.924	31
126.955	31
126.987	32
127.019	32
127.05	31
127.082	31
127.113	31
127.148	35
127.184	36
127.215	31
127.246	31
127.277	31
127.309	32
127.34	31
127.374	34
127.418	44
127.449	31
127.48	31
127.512	32
127.544	32
127.575	31
127.607	32
127.639	32
127.671	32
127.703	32
127.734	31
127.765	31
127.806	41
127.837	31
127.869	32
127.9	31
127.933	33
127.963	30
127.994	31
128.025	30
128.057	32
128.088	31
128.119	31
128.151	32
128.184	33
128.215	30
128.246	31
128.277	31
128.31	33
128.341	31
128.373	31
128.404	31
128.441	37
128.473	32
128.504	31
128.534	30
128.566	32
128.6	34
128.63	30
128.665	34
128.696	31
128.728	31
128.759	31
128.789	30
128.821	32
128.852	31
128.884	31
128.916	32
128.947	31
128.978	31
129.01	32
129.043	33
129.081	38
129.112	31
129.143	31
129.175	32
129.207	32
129.239	32
129.273	34
129.304	31
129.342	37
129.373	31
129.404	31
129.435	31
129.468	32
129.499	31
129.531	32
129.562	31
129.593	31
129.625	32
129.656	31
129.689	33
129.723	34
129.755	32
129.798	43
129.844	46
129.877	33
129.917	40
129.952	35
129.983	31
130.015	32
130.049	34
130.083	34
130.128	45
130.161	32
130.193	32
130.254	61
130.286	31
130.317	31
130.349	32
130.381	32
130.415	34
130.449	34
130.483	34
130.516	33
130.547	31
130.577	30
130.609	32
130.642	33
130.673	31
130.705	32
130.736	31
130.767	31
130.798	31
130.83	32
130.861	31
130.892	31
130.924	32
130.958	34
131.0	42
131.033	32
131.064	31
131.096	32
131.127	31
131.159	32
131.19	31
131.22	30
131.255	35
131.292	37
131.326	34
131.358	32
131.396	38
131.428	32
131.459	31
131.494	34
131.538	44
131.57	31
131.601	31
131.641	40
131.673	32
131.72	47
131.75	30
131.781	31
131.813	32
131.846	33
131.876	30
131.907	30
131.94	33
131.975	35
132.006	31
132.037	30
132.069	31
132.104	35
132.139	35
132.171	32
132.203	32
132.234	31
132.281	47
132.311	30
132.343	32
132.374	31
132.404	30
132.435	31
132.466	31
132.498	32
132.529	31
132.563	34
132.594	31
132.625	31
132.657	32
132.688	31
132.721	33
132.752	31
132.783	31
132.813	30
132.848	35
132.886	38
132.925	39
132.956	30
132.988	31
133.019	31
133.051	32
133.082	31
133.133	51
133.165	32
133.2	35
133.233	33
133.264	31
133.295	31
133.327	32
133.358	31
133.39	32
133.421	31
133.452	31
133.483	31
133.515	32
133.548	33
133.579	31
133.612	33
133.644	32
133.674	30
133.705	31
133.736	31
133.768	31
133.8	32
133.832	32
133.862	30
133.894	31
133.93	36
133.961	31
133.992	30
134.026	33
134.057	31
134.09	33
134.121	30
134.158	36
134.196	38
134.229	33
134.263	34
134.295	32
134.332	37
134.367	35
134.399	32
134.448	49
134.48	32
134.512	32
134.545	33
134.576	31
134.607	31
134.638	31
134.67	32
134.701	31
134.736	35
134.769	33
134.8	31
134.84	40
134.871	31
134.905	34
134.937	32
134.974	37
135.006	32
135.037	31
135.069	32
135.101	32
135.132	31
135.171	39
135.201	30
135.232	31
135.263	31
135.294	31
135.325	31
135.356	31
135.387	31
135.422	35
135.453	31
135.486	32
135.517	31
135.549	32
135.59	41
135.645	55
135.676	31
135.71	34
135.741	31
135.775	34
135.806	31
135.837	31
135.869	32
135.9	31
135.93	30
135.965	35
135.999	34
136.033	34
136.067	34
136.109	41
136.14	31
136.177	37
136.211	34
136.243	32
136.275	32
136.307	32
136.338	31
136.37	32
136.401	31
136.433	32
136.464	31
136.495	31
136.526	31
136.557	31
136.588	31
136.62	32
136.651	31
136.683	32
136.714	31
136.785	70
136.817	32
136.848	31
136.879	31
136.91	31
136.941	31
136.971	30
137.002	30
137.034	32
137.065	31
137.096	31
137.127	31
137.158	31
137.189	31
137.222	33
137.254	31
137.285	31
137.316	31
137.35	34
137.389	39
137.422	33
137.457	35
137.492	35
137.524	32
137.555	31
137.586	31
137.617	30
137.648	31
137.79	142
137.873	83
137.909	35
137.986	76
138.091	105
138.187	96
138.22	33
138.251	31
138.283	32
138.314	31
138.345	31
138.376	31
138.501	125
138.607	106
138.682	75
138.72	38
138.773	53
138.883	110
138.918	35
138.949	31
138.984	35
139.015	31
139.046	31
139.078	31
139.109	31
139.188	79
139.246	58
139.276	30
139.309	33
139.35	41
139.384	34
139.416	32
139.448	32
139.48	32
139.511	31
139.543	32
139.578	35
139.609	31
139.641	32
139.674	33
139.705	31
139.737	32
139.768	31
139.8	32
139.833	33
139.866	33
139.896	30
139.927	30
139.962	35
139.993	31
140.024	31
140.056	32
140.088	32
140.118	30
140.15	32
140.181	31
140.213	32
140.245	32
140.276	31
140.307	31
140.338	31
140.369	31
140.401	32
140.433	32
140.465	31
140.497	31
140.529	32
140.56	31
140.606	46
140.638	32
140.669	31
140.714	45
140.747	33
140.778	31
140.82	42
140.856	36
140.887	31
140.93	43
140.962	32
140.993	31
141.025	32
141.059	34
141.098	39
141.133	35
141.164	31
141.195	31
141.228	33
141.267	39
141.347	80
141.379	32
141.416	37
141.447	31
141.479	32
141.51	31
141.541	31
141.573	32
141.621	48
141.653	32
141.685	32
141.715	30
141.746	31
141.778	32
141.809	31
141.841	31
141.884	42
141.921	37
141.952	31
141.983	31
142.015	32
142.046	31
142.079	33
142.129	50
142.161	32
142.192	31
142.225	33
142.256	31
142.288	32
142.319	31
142.35	31
142.381	31
142.417	36
142.453	36
142.484	31
142.524	40
142.555	31
142.586	31
142.617	31
142.648	31
142.679	31
142.711	32
142.742	31
142.773	31
142.805	32
142.836	31
142.867	31
142.898	31
142.929	31
142.962	32
142.993	31
143.024	31
143.055	31
143.087	32
143.118	31
143.163	45
143.211	48
143.242	31
143.274	32
143.309	35
143.343	34
143.375	32
143.409	34
143.441	32
143.475	34
143.507	31
143.538	31
143.575	37
143.607	32
143.639	32
143.732	93
143.767	35
143.802	35
143.833	30
143.864	31
143.896	32
143.93	34
143.966	36
143.999	33
144.03	31
144.08	50
144.118	37
144.159	41
144.191	32
144.224	33
144.254	30
144.286	32
144.317	31
144.35	33
144.387	36
144.433	46
144.464	31
144.497	32
144.528	31
144.56	31
144.591	31
144.622	31
144.653	31
144.684	31
144.715	31
144.748	33
144.779	31
144.81	31
144.843	33
144.875	32
144.912	37
144.945	32
144.976	31
145.009	33
145.04	31
145.081	41
145.113	32
145.143	30
145.175	32
145.206	31
145.238	31
145.27	32
145.302	32
145.333	31
145.364	31
145.401	37
145.432	31
145.464	32
145.495	31
145.525	30
145.556	31
145.591	35
145.623	32
145.654	31
145.685	31
145.726	41
145.757	31
145.788	31
145.819	31
145.85	31
145.881	31
145.912	31
145.943	31
145.974	31
146.006	32
146.039	31
146.071	32
146.104	33
146.135	31
146.166	31
146.198	32
146.229	31
146.26	31
146.292	32
146.323	31
146.386	63
146.418	32
146.45	32
146.481	31
146.513	32
146.545	32
146.576	31
146.607	31
146.639	32
146.67	31
146.701	31
146.735	34
146.767	32
146.797	30
146.828	30
146.86	32
146.891	31
146.922	31
146.954	32
146.993	38
147.025	32
147.057	32
147.088	31
147.122	34
147.156	34
147.192	36
147.223	31
147.254	31
147.285	31
147.316	31
147.348	32
147.378	30
147.409	31
147.44	31
147.471	31
147.505	34
147.539	34
147.571	30
147.602	31
147.643	41
147.676	33
147.71	34
147.741	31
147.774	33
147.809	35
147.844	35
147.876	32
147.909	33
147.947	38
147.978	31
148.011	32
148.044	33
148.086	42
148.12	34
148.165	45
148.216	51
148.247	31
148.286	38
148.316	30
148.348	32
148.381	33
148.415	34
148.449	34
148.481	32
148.512	31
148.543	31
148.575	31
148.606	31
148.638	32
148.67	32
148.702	32
148.735	33
148.768	33
148.799	31
148.831	32
148.862	31
148.894	32
148.925	31
148.956	31
148.989	33
149.02	31
149.052	32
149.086	34
149.122	36
149.154	32
149.186	32
149.218	32
149.254	35
149.285	31
149.322	37
149.353	31
149.391	38
149.424	33
149.455	31
149.486	31
149.517	31
149.549	32
149.594	45
149.625	31
149.658	33
149.69	32
149.721	31
149.752	31
149.791	39
149.822	31
149.864	41
149.907	43
149.938	31
149.97	32
150.02	50
150.052	31
150.084	32
150.123	39
150.155	32
150.19	35
150.234	44
150.265	31
150.296	31
150.328	32
150.359	31
150.39	31
150.422	32
150.453	31
150.488	35
150.542	54
150.577	35
150.639	62
150.674	35
150.705	31
150.737	32
150.775	38
150.806	31
150.858	52
150.89	31
150.922	32
150.953	31
150.987	33
151.019	32
151.051	32
151.082	31
151.113	31
151.145	32
151.176	31
151.208	32
151.241	33
151.272	31
151.303	31
151.334	31
151.365	31
151.396	31
151.428	32
151.483	55
151.519	36
151.596	77
151.639	43
151.699	59
155.704	4005
155.808	104
155.845	37
155.876	30
155.907	31
155.96	53
155.992	32
156.023	31
156.054	31
156.085	31
156.144	59
156.175	31
156.22	45
156.251	31
156.282	31
156.313	31
156.345	32
156.397	52
156.444	47
156.475	31
156.535	60
156.566	31
156.602	36
156.633	31
156.676	43
156.713	37
156.745	31
156.776	31
156.807	31
156.84	33
156.872	32
156.909	37
156.941	31
156.99	49
157.023	33
157.055	31
157.092	37
157.146	54
157.192	46
157.248	56
157.28	32
157.319	38
157.351	32
157.39	39
157.436	46
157.47	34
157.524	54
157.555	31
157.587	32
157.625	38
157.657	32
157.703	46
157.76	57
157.791	31
157.821	30
157.855	33
157.887	32
157.928	40
157.964	36
158.005	40
158.062	56
158.093	31
158.125	32
158.156	31
158.213	56
158.245	32
158.276	31
158.335	59
158.369	34
158.415	46
158.455	40
158.486	31
158.544	58
158.575	31
158.609	34
158.661	52
158.693	31
158.742	49
158.778	36
158.824	46
158.876	52
158.907	31
158.955	48
158.991	36
159.038	47
159.082	44
159.114	32
159.185	71
159.217	32
159.275	58
159.313	38
159.345	32
159.38	35
159.416	35
159.454	38
159.496	42
159.556	60
159.588	32
159.624	36
159.656	32
159.687	31
159.723	36
159.757	34
159.793	36
159.825	32
159.857	31
159.899	42
159.935	36
159.972	37
160.004	31
160.036	32
160.073	37
160.104	31
160.138	34
160.18	42
160.218	38
160.249	31
160.28	31
160.312	31
160.343	31
160.375	32
160.407	31
160.443	36
160.48	37
160.512	32
160.546	34
160.579	33
160.612	33
160.644	32
160.679	35
160.715	36
160.746	31
160.779	33
160.811	32
160.841	30
160.873	32
160.904	31
160.935	31
160.967	32
160.999	32
161.032	33
161.086	54
161.118	32
161.15	32
161.182	32
161.223	41
161.261	37
161.292	31
161.323	31
161.355	32
161.386	31
161.417	31
161.449	32
161.48	31
161.512	31
161.544	31
161.576	32
161.607	31
161.639	32
161.67	31
161.723	52
161.754	31
161.785	31
161.817	32
161.849	32
161.88	31
161.918	38
161.95	32
161.981	31
162.012	31
162.046	34
162.079	33
162.111	32
162.142	31
162.173	30
162.205	32
162.238	32
162.269	31
162.3	31
162.331	31
162.363	32
162.394	31
162.425	31
162.456	31
162.488	32
162.524	36
162.572	48
162.604	32
162.635	31
162.667	31
162.699	32
162.73	31
162.763	33
162.795	32
162.827	32
162.858	31
162.905	46
162.939	34
162.972	33
163.004	32
163.036	32
163.07	34
163.101	31
163.135	34
163.172	37
163.209	37
163.241	32
163.28	39
163.311	31
163.342	31
163.373	31
163.405	32
163.436	31
163.491	54
163.535	44
163.578	43
163.632	54
163.668	36
163.704	36
163.739	35
163.792	53
163.832	40
163.877	45
163.909	32
163.95	41
163.981	31
164.012	31
164.046	34
164.077	31
164.11	33
164.144	34
164.182	37
164.234	52
164.319	85
164.364	45
164.394	30
164.425	31
164.48	55
164.512	31
164.559	47
164.609	50
164.656	47
164.693	37
164.725	32
164.755	30
164.787	31
164.822	35
164.859	37
164.902	43
164.969	67
165.01	41
165.048	35
165.083	35
165.114	31
165.152	38
165.199	47
165.234	35
165.267	33
165.306	39
165.356	50
165.401	45
165.436	35
165.474	38
165.505	31
165.542	37
165.622	80
165.653	31
165.688	35
165.721	33
165.755	34
165.789	34
165.823	34
165.855	32
165.886	31
165.92	34
165.952	32
165.984	32
166.015	31
166.046	31
166.078	32
166.109	31
166.142	33
166.173	31
166.206	32
166.237	31
166.269	31
166.3	31
166.33	30
166.362	31
166.394	32
166.426	32
166.458	32
166.491	33
166.522	31
166.554	32
166.585	31
166.616	31
166.647	31
166.681	34
166.718	37
166.75	32
166.782	32
166.813	31
166.843	30
166.876	33
166.907	31
166.938	31
166.969	31
167.001	32
167.034	33
167.064	30
167.097	32
167.155	58
167.187	32
167.224	37
167.255	31
167.285	30
167.316	31
167.348	31
167.379	31
167.411	32
167.442	31
167.485	43
167.518	33
167.55	32
167.581	31
167.613	32
167.653	40
167.687	34
167.723	36
167.754	31
167.786	31
167.816	30
167.847	31
167.879	32
167.914	35
167.947	33
167.978	31
168.009	31
168.04	31
168.072	32
168.112	40
168.143	31
168.175	32
168.207	32
168.238	31
168.272	34
168.304	32
168.337	33
168.369	32
168.4	31
168.431	31
168.462	31
168.497	35
168.529	32
168.561	32
168.592	31
168.624	32
168.655	31
168.686	31
168.717	30
168.751	34
168.782	31
168.813	31
168.852	39
168.896	44
168.927	31
168.958	31
168.994	36
169.035	41
169.066	31
169.098	32
169.129	31
169.161	32
169.2	39
169.233	33
169.34	107
169.371	31
169.419	48
169.545	126
169.589	44
169.636	47
169.761	125
169.805	44
169.855	50
169.886	31
169.917	31
169.975	58
170.006	30
170.045	39
170.078	33
170.11	32
170.143	33
170.174	31
170.205	31
170.238	33
170.27	32
170.332	62
170.362	30
170.395	33
170.426	31
170.521	94
170.552	31
170.584	32
170.617	33
170.667	49
170.704	36
170.735	31
170.766	30
170.817	51
170.849	31
170.888	39
170.919	31
170.95	31
170.981	31
171.013	32
171.044	31
171.076	31
171.107	31
171.139	31
171.172	33
171.208	36
171.24	32
171.278	38
171.311	33
171.343	31
171.375	32
171.406	31
171.441	34
171.482	41
171.517	35
171.548	31
171.583	35
171.614	31
171.646	32
171.677	31
171.718	41
171.749	30
171.783	34
171.814	30
171.846	32
171.878	32
171.912	34
171.952	40
171.983	31
172.015	32
172.045	30
172.076	30
172.106	30
172.138	31
172.169	31
172.203	34
172.238	35
172.27	32
172.302	32
172.333	31
172.364	31
172.395	31
172.427	32
172.459	32
172.492	33
172.523	31
172.555	32
172.593	38
172.643	50
172.674	31
172.707	33
172.743	36
172.774	31
172.807	33
172.839	31
172.87	31
172.901	31
172.934	33
172.965	31
172.997	31
173.029	32
173.06	31
173.091	31
173.122	31
173.176	54
173.208	32
173.245	37
173.276	31
173.31	34
173.341	31
173.377	36
173.408	31
173.445	37
173.488	43
173.523	35
173.557	34
173.592	35
173.625	33
173.656	31
173.689	33
173.726	37
173.788	62
173.829	41
173.864	35
173.894	30
173.932	38
173.976	44
174.016	40
174.059	34
174.091	32
174.123	32
174.159	36
174.195	36
174.228	33
174.263	35
174.296	33
174.327	31
174.366	38
174.399	33
174.431	32
174.462	31
174.494	32
174.531	37
174.562	31
174.593	31
174.625	32
174.656	31
174.688	32
174.719	31
174.75	31
174.782	32
174.82	38
174.851	31
174.882	30
174.913	31
174.944	31
174.976	32
175.016	40
175.046	30
175.085	39
175.116	31
175.187	71
175.226	39
175.274	48
175.31	36
175.341	31
175.372	31
175.404	32
175.436	31
175.467	31
175.499	32
175.53	31
175.563	33
175.594	31
175.628	34
175.659	31
175.703	44
175.736	33
175.768	32
175.805	37
175.836	31
175.867	31
175.908	41
175.941	32
175.972	31
176.004	32
176.036	32
176.068	31
176.154	86
176.197	42
176.253	56
176.285	32
176.315	30
176.346	31
176.378	31
176.419	41
176.452	33
176.484	32
176.516	32
176.549	33
176.581	32
176.612	31
176.661	49
176.696	35
176.729	33
176.783	54
176.814	31
176.87	56
176.902	32
176.934	32
176.999	65
177.035	36
177.088	52
177.124	36
177.164	40
177.196	32
177.233	36
177.265	31
177.297	31
177.328	31
177.368	40
177.406	38
177.439	33
177.471	32
177.502	31
177.533	31
177.564	31
177.596	32
177.627	31
177.669	42
177.713	43
177.745	32
177.777	32
177.808	31
177.85	41
177.902	52
177.963	61
177.994	31
178.024	30
178.056	31
178.087	31
178.119	32
178.156	37
178.188	32
178.219	31
178.312	93
178.431	119
178.515	84
178.546	31
178.599	52
178.63	31
178.662	32
178.698	36
178.732	34
178.764	32
178.795	31
178.846	51
178.879	33
178.917	38
178.948	31
178.999	51
179.031	32
179.062	31
179.094	32
179.125	31
179.164	39
179.196	32
179.233	37
179.264	31
179.307	43
179.341	33
179.373	32
179.407	34
179.445	38
179.477	32
179.508	31
179.539	31
179.571	32
179.602	31
179.644	42
179.675	31
179.706	31
179.737	31
179.768	31
179.799	31
179.83	31
179.863	33
179.895	32
179.929	34
179.961	31
179.992	31
180.026	34
180.064	38
180.095	31
180.132	37
180.164	31
180.195	31
180.226	31
180.258	32
180.289	31
180.321	32
180.352	31
180.383	31
180.415	31
180.446	31
180.478	32
180.509	31
180.542	33
180.574	32
180.605	31
180.637	32
180.668	31
180.707	39
180.752	45
180.785	33
180.818	33
180.849	31
180.881	32
180.912	31
180.943	31
180.974	31
181.005	31
181.036	31
181.067	31
181.098	31
181.129	31
181.162	33
181.195	32
181.226	31
181.266	40
181.298	32
181.332	34
181.372	40
181.403	31
181.435	32
181.468	33
181.502	34
181.553	51
181.586	33
181.616	30
181.649	33
181.681	31
181.714	33
181.745	31
181.776	31
181.809	33
181.841	32
181.871	30
181.916	45
181.948	32
181.979	31
182.011	32
182.045	34
182.078	33
182.11	31
182.142	32
182.176	34
182.206	30
182.237	31
182.27	32
182.302	32
182.338	36
182.37	31
182.402	32
182.433	31
182.467	34
182.52	53
182.552	32
182.587	35
182.631	44
182.662	31
182.693	30
182.731	37
182.762	31
182.795	33
182.833	38
182.867	34
182.9	33
182.932	31
182.972	40
183.005	33
183.038	33
183.07	32
183.102	32
183.134	32
183.166	32
183.205	39
183.236	31
183.303	67
183.345	42
183.377	32
183.409	32
183.441	32
183.472	31
183.504	32
183.534	30
183.566	31
183.596	30
183.628	32
183.659	31
183.691	31
183.722	31
183.754	32
183.788	34
183.819	31
183.851	32
183.882	31
183.915	33
183.956	41
184.006	50
184.046	31
184.078	32
184.131	53
184.167	36
184.2	33
184.238	38
184.271	32
184.301	30
184.333	31
184.364	31
184.419	54
184.45	31
184.481	30
184.513	32
184.544	31
184.576	31
184.607	31
184.638	31
184.668	30
184.7	31
184.736	36
184.787	51
184.818	31
184.849	31
184.881	32
184.913	32
184.946	33
184.976	30
185.007	31
185.04	33
185.072	32
185.108	36
185.14	32
185.179	39
185.21	31
185.243	32
185.275	32
185.309	34
185.34	31
185.376	36
185.41	34
185.461	51
185.491	30
185.532	41
185.564	32
185.602	38
185.634	32
185.666	32
185.7	34
185.732	32
185.766	34
185.798	32
185.858	60
185.902	44
185.964	62
185.996	31
186.033	37
186.079	46
186.111	32
186.142	31
186.174	31
186.205	31
186.241	35
186.319	78
186.352	33
186.385	33
186.42	35
186.451	31
186.489	38
186.521	32
186.578	57
186.614	36
186.654	40
186.687	33
186.72	33
186.759	39
186.799	39
186.83	31
186.864	34
186.896	32
186.943	47
186.975	32
187.006	31
187.037	31
187.068	31
187.1	31
187.134	33
187.166	32
187.215	49
187.256	41
187.287	31
187.325	38
187.358	33
187.389	31
187.423	33
187.454	31
187.486	31
187.518	32
187.549	31
187.581	32
187.612	31
187.646	34
187.678	32
187.71	32
187.741	31
187.773	31
187.804	31
187.848	44
187.883	35
187.916	33
187.953	37
187.987	34
188.019	32
188.051	32
188.082	31
188.114	32
188.146	32
188.177	31
188.208	31
188.24	32
188.271	31
188.302	31
188.334	32
188.365	31
188.404	38
188.435	31
188.467	32
188.497	30
188.53	33
188.561	31
188.595	34
188.626	31
188.657	31
188.688	31
188.719	30
188.75	30
188.781	31
188.812	31
188.843	31
188.875	32
188.906	31
188.939	33
188.97	31
189.015	45
189.046	31
189.077	31
189.113	36
189.144	31
189.177	33
189.222	45
189.253	31
189.284	31
189.316	32
189.347	31
189.391	44
189.429	37
189.471	42
189.501	30
189.534	33
189.57	36
189.609	39
189.678	69
189.709	31
189.742	31
189.773	31
189.805	32
189.837	32
189.911	74
189.944	33
189.975	31
190.006	31
190.046	31
190.082	36
190.113	31
190.143	30
190.175	31
190.207	32
190.238	31
190.271	33
190.302	31
190.333	31
190.365	32
190.402	37
190.434	32
190.466	32
190.499	33
190.534	35
190.568	34
190.6	32
190.631	31
190.67	39
190.702	32
190.733	31
190.765	32
190.796	31
190.827	31
190.868	41
190.899	31
190.93	31
190.961	31
190.993	32
191.025	32
191.059	34
191.091	32
191.122	31
191.153	31
191.184	31
191.215	31
191.246	31
191.279	33
191.31	31
191.341	31
191.373	32
191.404	31
191.435	31
191.47	35
191.503	33
191.534	31
191.57	36
191.602	32
191.634	32
191.676	42
191.713	37
191.754	41
191.793	38
191.827	34
191.859	32
191.891	32
191.922	31
191.953	31
191.984	31
192.015	31
192.049	34
192.082	33
192.113	31
192.145	32
192.177	32
192.216	39
192.248	32
192.28	32
192.31	30
192.341	31
192.372	31
192.404	32
192.445	41
192.476	31
192.509	32
192.54	31
192.572	31
192.606	34
192.638	32
192.67	32
192.701	31
192.731	30
192.762	31
192.799	37
192.83	30
192.862	32
192.893	31
192.924	31
192.957	33
192.988	31
193.019	30
193.053	33
193.086	33
193.121	35
197.126	4005
197.169	40
197.201	32
197.239	38
197.271	32
197.303	32
197.337	34
197.368	31
197.399	31
197.439	40
197.471	32
197.503	32
197.535	31
197.567	32
197.599	31
197.629	30
197.66	31
197.691	31
197.722	31
197.753	31
197.785	32
197.816	31
197.848	32
197.88	32
197.911	31
197.943	32
197.983	40
198.022	38
198.053	31
198.085	32
198.132	46
202.133	4001
202.199	66
202.232	33
202.264	32
202.295	31
202.326	30
202.358	32
202.391	33
202.423	32
202.458	35
202.489	31
202.52	31
202.552	32
202.583	31
202.615	32
202.648	33
202.695	47
202.735	40
202.771	36
202.805	34
202.837	32
202.869	32
202.9	31
202.937	37
202.968	31
203.001	33
203.034	33
203.091	57
203.124	33
203.154	30
203.185	31
203.226	41
203.26	34
203.291	31
203.326	35
203.359	33
203.389	30
203.421	32
203.452	31
203.484	32
203.518	34
203.55	32
203.582	32
203.614	31
203.645	31
203.677	32
203.709	32
203.74	31
203.771	31
203.803	32
203.834	31
203.865	31
203.897	32
203.928	31
203.996	68
204.026	30
204.064	38
204.096	32
204.128	32
204.164	36
204.197	33
204.23	33
204.263	33
204.295	32
204.326	31
204.358	32
204.393	35
204.424	31
204.454	30
204.485	31
204.516	31
204.547	31
204.579	32
204.61	31
204.644	34
204.676	32
204.709	33
204.74	31
204.773	33
204.804	31
204.849	45
204.881	32
204.914	33
204.946	32
204.978	32
205.016	38
205.048	32
205.087	39
205.118	31
205.15	31
205.183	33
205.214	31
205.248	33
205.28	32
205.31	30
205.345	35
205.376	31
205.407	31
205.438	31
205.47	32
205.5	30
205.531	31
205.562	31
205.596	34
205.63	34
205.664	33
205.7	36
205.733	33
205.764	31
205.795	31
205.826	31
205.884	58
205.915	30
205.946	30
205.978	32
206.008	30
206.04	31
206.072	32
206.102	30
206.134	31
206.167	33
206.197	30
206.228	31
206.259	30
206.291	32
206.322	31
206.354	32
206.385	31
206.417	32
206.45	33
206.481	31
206.515	34
206.554	39
206.585	31
206.617	32
206.648	31
206.679	31
206.711	32
206.742	31
206.772	30
206.803	31
206.835	32
206.867	32
206.899	32
206.93	31
206.962	32
206.993	31
207.024	31
207.056	32
207.087	31
207.118	31
207.157	39
207.188	31
207.218	30
207.25	32
207.281	31
207.312	31
207.343	30
207.374	31
207.405	30
207.441	36
207.474	33
207.505	31
207.536	31
207.568	32
207.601	33
207.633	32
207.664	31
207.695	31
207.726	31
207.757	31
207.794	37
207.826	31
207.857	31
207.888	31
207.921	33
207.953	32
207.986	32
208.017	31
208.047	30
208.078	31
208.11	31
208.141	31
208.172	31
208.203	31
208.234	31
208.266	32
208.297	31
208.333	36
208.364	31
208.395	31
208.435	40
208.466	31
208.498	31
208.53	32
208.561	31
208.6	39
208.632	32
208.664	32
208.703	39
208.735	32
208.766	31
208.805	39
208.837	31
208.874	37
208.907	32
208.938	31
208.972	34
209.035	63
209.086	51
209.117	30
209.15	32
209.182	32
209.215	33
209.245	30
209.277	32
209.309	31
209.339	30
209.37	31
209.402	32
209.433	31
209.464	31
209.496	32
209.527	31
209.558	31
209.592	34
209.624	32
209.655	31
209.687	32
209.729	42
209.76	31
209.796	36
209.829	33
209.86	31
209.892	32
209.925	33
209.956	31
209.988	32
210.019	31
210.051	32
210.081	30
210.112	31
210.143	31
210.175	32
210.207	32
210.261	54
210.293	32
210.324	31
210.355	31
210.386	31
210.466	80
210.5	33
210.532	32
210.563	31
210.594	31
210.625	31
210.656	31
210.687	31
210.718	31
210.763	45
210.795	32
210.826	31
210.857	31
210.891	34
210.922	31
210.955	33
210.995	40
211.026	31
211.058	32
211.089	31
211.12	31
211.151	31
211.183	32
211.214	31
211.245	31
211.275	30
211.306	31
211.338	32
211.37	32
211.403	33
211.435	32
211.467	32
211.499	32
211.53	31
211.561	31
211.592	31
211.624	32
211.655	31
211.686	31
211.718	32
211.75	32
211.781	31
211.813	32
211.845	32
211.877	32
211.908	31
211.94	32
211.971	31
212.003	32
212.034	31
212.066	31
212.097	31
212.129	32
212.16	31
212.191	31
212.222	31
212.255	33
212.287	32
212.318	31
212.35	31
212.381	31
212.412	31
212.444	31
212.475	31
212.507	32
212.538	31
212.569	31
212.602	33
212.647	45
212.68	33
212.711	31
212.742	31
212.773	31
212.805	32
212.836	31
212.869	33
212.902	33
212.934	32
212.965	31
213.003	38
213.037	33
213.074	37
213.109	35
213.146	37
213.178	32
213.209	31
213.24	31
213.271	31
213.302	31
213.333	30
213.364	31
213.395	31
213.426	31
213.458	32
213.489	31
213.52	31
213.589	69
213.62	31
213.652	32
213.705	53
213.737	32
213.769	32
213.8	31
213.832	32
213.863	31
213.894	31
213.926	32
213.957	31
213.988	31
214.027	38
214.059	32
214.09	31
214.121	31
214.152	31
214.196	44
214.228	32
214.259	31
214.29	31
214.321	31
214.352	31
214.383	31
214.415	31
214.446	31
214.477	31
214.509	32
214.546	37
214.577	31
214.609	31
214.643	34
214.674	31
214.705	31
214.737	32
214.768	31
214.799	31
214.837	38
214.869	32
214.899	30
214.935	36
214.966	31
214.998	32
215.029	31
215.071	42
215.102	31
215.135	33
215.166	31
215.197	31
215.229	32
215.26	31
215.294	34
215.326	32
215.359	33
215.389	30
215.421	32
215.452	31
215.487	35
215.518	31
215.55	32
215.58	30
215.611	31
215.643	32
215.675	32
215.706	31
215.738	32
215.768	30
215.799	30
215.831	31
215.862	31
215.893	31
215.925	32
215.956	31
215.987	31
216.019	32
216.05	31
216.082	32
216.114	32
216.146	31
216.178	32
216.209	31
216.264	55
216.296	32
216.327	31
216.358	31
216.389	31
216.422	33
216.454	32
216.485	31
216.516	31
216.547	31
216.578	31
216.609	31
216.642	32
216.672	30
216.702	30
216.734	32
216.766	32
216.798	32
216.83	32
216.862	32
216.895	33
216.926	31
216.957	31
216.989	32
217.02	31
217.052	32
217.084	32
217.115	31
217.145	30
217.176	31
217.207	31
217.239	32
217.273	34
217.304	31
217.335	31
217.366	31
217.407	41
217.439	32
217.47	31
217.501	31
217.533	32
217.564	31
217.596	32
217.627	31
217.659	31
217.691	31
217.723	32
217.754	31
217.785	31
217.817	32
217.849	32
217.88	31
217.911	31
217.942	31
217.973	31
218.004	31
218.035	31
218.066	31
218.105	39
218.137	32
218.168	31
218.199	31
218.23	31
218.263	33
218.297	34
218.329	32
218.362	33
218.412	50
218.446	34
218.48	34
218.517	37
218.548	31
218.583	35
218.616	33
218.648	32
218.688	40
218.721	33
218.753	32
218.785	32
218.816	31
218.848	31
218.879	31
218.911	32
218.943	32
218.974	31
219.005	31
219.037	32
219.067	30
219.098	30
219.13	32
219.161	31
219.192	31
219.225	33
219.264	39
219.295	31
219.327	32
219.359	32
219.39	31
219.422	32
219.455	33
219.487	32
219.519	32
219.55	31
219.581	31
219.614	33
219.651	37
219.682	31
219.714	32
219.745	31
219.776	31
219.807	31
219.837	30
219.869	32
219.902	33
219.935	33
219.967	32
219.997	30
220.029	32
220.061	31
220.092	31
220.123	31
220.154	31
220.185	31
220.217	32
220.248	31
220.279	31
220.311	32
220.346	35
220.377	31
220.408	31
220.441	33
220.472	31
220.503	31
220.534	31
220.566	32
220.607	41
220.639	32
220.671	32
220.709	38
220.741	32
220.772	31
220.807	35
220.841	34
220.873	32
220.905	32
220.936	31
220.967	31
220.998	31
221.03	32
221.061	31
221.093	32
221.124	31
221.155	31
221.188	33
221.219	31
221.25	31
221.283	33
221.314	31
221.345	31
221.376	31
221.407	31
221.438	31
221.472	34
221.504	32
221.535	31
221.567	32
221.597	30
221.628	31
221.659	31
221.69	31
221.72	30
221.751	31
221.782	31
221.812	30
221.844	32
221.887	43
221.918	31
221.95	32
221.982	32
222.015	33
222.045	30
222.076	31
222.108	32
222.139	30
222.188	49
222.227	39
222.265	38
222.296	31
222.327	31
222.359	32
222.391	31
222.427	36
222.458	31
222.489	31
222.527	38
222.559	32
222.591	32
222.622	31
222.654	31
222.685	31
222.722	37
222.753	31
222.784	31
222.816	32
222.847	31
222.879	32
222.91	31
222.941	31
222.974	33
223.006	32
223.039	33
223.069	30
223.1	31
223.133	33
223.19	57
223.221	31
223.253	32
223.283	30
223.315	32
223.346	31
223.377	30
223.41	33
223.449	39
223.48	31
223.512	32
223.543	31
223.575	32
223.606	31
223.637	30
223.668	31
223.699	30
223.731	31
223.762	31
223.794	32
223.826	31
223.858	32
223.89	32
223.921	31
223.952	30
223.986	34
224.018	32
224.049	31
224.085	36
224.117	32
224.148	31
224.179	31
224.211	32
224.242	31
224.273	31
224.305	32
224.338	33
224.37	31
224.401	31
224.437	36
224.472	35
224.507	34
224.543	36
224.576	33
224.606	30
224.639	32
224.67	30
224.702	32
224.733	31
224.764	31
224.795	31
224.826	31
224.857	31
224.89	33
224.922	32
224.954	32
224.985	31
225.016	31
225.047	31
225.087	40
225.119	32
225.15	31
225.18	30
225.232	52
225.265	33
225.296	31
225.329	33
225.361	32
225.394	33
225.425	31
225.456	31
225.487	31
225.518	31
225.549	31
225.582	33
225.612	30
225.644	32
225.675	31
225.715	40
225.747	32
225.779	32
225.811	32
225.842	31
225.874	32
225.906	32
225.937	31
225.97	33
226.001	31
226.032	31
226.064	32
226.096	32
226.127	31
226.161	34
226.191	30
226.223	32
226.253	30
226.285	32
226.316	31
226.357	40
226.387	30
226.419	31
226.451	32
226.482	31
226.513	31
226.545	32
226.576	31
226.607	31
226.639	32
226.671	32
226.702	31
226.734	31
226.766	32
226.797	31
226.828	31
226.86	32
226.892	32
226.927	35
226.959	32
227.026	67
227.057	31
227.089	32
227.119	30
227.151	31
227.183	32
227.215	32
227.246	31
227.298	52
227.331	33
227.362	31
227.393	31
227.424	31
227.456	31
227.487	31
227.518	31
227.549	31
227.58	31
227.615	35
227.649	34
227.68	31
227.712	32
227.751	39
227.782	31
227.816	33
227.852	35
227.884	32
227.915	31
227.946	31
227.976	30
228.008	31
228.039	31
228.07	31
228.104	34
228.137	33
228.168	31
228.2	31
228.233	33
228.288	55
228.32	32
228.35	30
228.385	34
228.419	34
228.45	31
228.481	31
228.512	31
228.544	32
228.575	31
228.607	32
228.639	32
228.671	32
228.702	31
228.733	31
228.765	32
228.796	31
228.827	31
228.858	31
228.889	31
228.928	39
228.959	31
228.99	30
229.022	32
229.053	31
229.084	31
229.118	34
229.149	31
229.183	34
229.214	31
229.247	33
229.285	38
229.316	31
229.347	31
229.379	32
229.41	31
229.442	32
229.473	31
229.504	31
229.534	30
229.567	33
229.598	31
229.63	31
229.663	33
229.695	32
229.726	31
229.757	31
229.788	31
229.819	31
229.85	31
229.883	33
229.914	30
229.945	31
229.976	31
230.007	31
230.04	33
230.071	31
230.104	33
230.136	32
230.167	31
230.212	45
230.244	32
230.276	32
230.309	33
230.34	31
230.372	31
230.402	30
230.434	32
230.465	31
230.497	32
230.528	31
230.559	31
230.59	30
230.621	31
230.654	33
230.686	32
230.719	33
230.75	31
230.781	31
230.812	31
230.847	35
230.88	32
230.91	30
230.941	31
230.973	32
231.004	31
231.038	34
231.07	32
231.104	34
231.136	31
231.167	31
231.199	32
231.236	37
231.268	32
231.303	35
231.334	31
231.366	31
231.397	31
231.429	31
231.459	30
231.49	30
231.521	31
231.553	31
231.584	31
231.616	31
231.647	31
231.678	31
231.71	32
231.743	33
231.777	34
231.814	37
231.845	31
231.877	32
231.908	31
231.939	31
231.97	31
232.001	31
232.032	31
232.063	31
232.095	31
232.128	33
232.159	31
232.19	31
232.222	32
232.255	33
232.288	33
232.319	31
232.351	32
232.383	32
232.414	31
232.444	30
232.476	31
232.507	31
232.538	31
232.569	31
232.602	32
232.634	32
232.665	31
232.695	30
232.727	32
232.79	63
232.821	31
232.852	31
232.884	32
232.916	32
232.947	31
232.979	32
233.01	31
233.042	32
233.074	32
233.107	33
233.168	61
233.2	32
233.24	40
233.279	39
233.329	50
233.367	38
233.408	41
233.439	31
233.48	40
233.512	31
233.542	30
233.576	34
233.607	31
233.638	31
233.68	42
233.712	32
233.753	41
233.791	38
233.823	32
233.86	37
233.893	33
233.924	31
233.955	31
233.986	31
234.018	31
234.049	31
234.081	32
234.112	31
234.142	30
234.173	31
234.205	32
234.238	33
234.269	31
234.3	30
234.335	35
234.415	80
234.453	38
234.53	77
234.581	51
234.652	71
234.694	42
234.731	37
234.763	32
234.796	33
234.827	31
234.859	32
234.89	31
234.922	32
234.955	33
234.987	32
235.02	33
235.051	31
235.083	32
235.113	30
235.144	30
235.176	32
235.207	31
235.24	33
235.272	32
235.303	31
235.334	31
235.364	30
235.397	33
235.43	33
235.462	31
235.493	31
235.525	32
235.556	31
235.587	31
235.619	32
235.65	31
235.682	31
235.714	32
235.746	32
235.777	31
235.808	31
235.839	31
235.883	44
235.915	32
235.956	41
235.987	31
236.018	31
236.05	32
236.081	31
236.114	31
236.147	33
236.177	30
236.209	31
236.241	32
236.271	30
236.304	31
236.335	31
236.366	31
236.397	31
236.428	31
236.459	31
236.49	31
236.527	36
236.558	30
236.595	37
236.626	31
236.658	32
236.69	32
236.721	31
236.752	31
236.784	32
236.815	31
236.846	31
236.878	32
236.909	31
236.94	31
236.972	32
237.003	31
237.035	32
237.068	33
237.099	31
237.131	32
237.161	30
237.194	33
237.249	55
237.281	32
237.313	32
237.345	32
237.376	31
237.408	32
237.439	31
237.483	43
237.518	35
237.552	33
237.583	31
237.617	34
237.648	31
237.687	39
237.719	32
237.751	32
237.784	33
237.816	32
237.847	31
237.888	41
237.919	30
237.95	31
237.981	31
238.013	31
238.044	31
238.075	31
238.107	32
238.138	31
238.17	32
238.201	31
238.233	32
238.269	36
238.304	35
238.335	31
238.368	33
238.4	32
238.431	31
238.462	31
238.493	31
238.529	36
238.56	31
238.595	35
238.626	31
238.657	31
238.69	33
238.721	31
238.753	32
238.784	31
238.816	32
238.847	31
238.877	30
238.911	33
238.942	31
238.974	32
239.006	32
239.037	31
239.072	35
239.106	33
239.137	31
239.17	32
239.201	31
239.233	32
239.264	31
239.294	30
239.325	31
239.358	33
239.39	32
239.423	33
239.455	32
239.486	31
239.519	33
239.553	34
239.584	31
239.614	30
239.649	34
239.68	31
239.712	32
239.753	41
239.783	30
239.823	39
239.854	31
239.884	30
239.916	32
239.952	36
239.988	36
240.019	31
