0.035	33
0.069	31
0.101	32
0.132	31
0.165	32
0.197	32
0.228	31
0.26	32
0.291	31
0.323	31
0.354	31
0.385	30
0.417	31
0.448	31
0.48	32
0.511	31
0.543	31
0.574	31
0.606	31
0.638	31
0.67	31
0.701	31
0.733	31
0.765	32
0.796	31
0.834	37
0.866	32
0.897	31
0.929	32
0.961	32
0.992	31
1.024	32
1.056	32
1.088	32
1.119	31
1.155	36
1.186	31
1.229	43
1.261	32
1.293	32
1.324	31
1.356	31
1.387	31
1.418	31
1.45	32
1.482	32
1.513	31
1.545	31
1.576	31
1.607	31
1.638	31
1.669	31
1.701	32
1.734	33
1.765	31
1.796	31
1.828	32
1.859	31
1.891	32
1.923	32
1.954	31
1.986	32
2.018	32
2.049	31
2.08	30
2.114	33
2.145	31
2.177	32
2.209	32
2.24	31
2.272	31
2.303	31
2.34	32
2.372	31
2.404	32
2.436	32
2.467	31
2.503	36
2.534	31
2.596	62
2.627	31
2.657	30
2.689	31
2.72	31
2.754	33
2.791	37
2.821	30
2.853	31
2.884	31
2.915	31
2.947	32
2.978	31
3.01	32
3.043	33
3.075	32
3.106	31
3.137	31
3.168	30
3.2	32
3.231	31
3.263	31
3.295	31
3.327	32
3.358	31
3.394	35
3.425	31
3.457	31
3.489	32
3.52	31
3.552	32
3.583	31
3.614	31
3.645	30
3.679	33
3.71	31
3.742	31
3.774	32
3.806	32
3.837	31
3.868	31
3.899	31
3.93	31
3.962	32
3.994	32
4.035	41
4.066	31
4.097	31
4.129	31
4.164	32
4.195	31
4.226	31
4.257	31
4.288	31
4.321	33
4.354	33
4.386	31
4.417	31
4.449	32
4.48	31
4.511	31
4.543	32
4.574	31
4.606	32
4.637	31
4.675	38
4.706	31
4.738	32
4.769	31
4.8	31
4.832	32
4.864	32
4.898	34
4.929	31
4.961	32
4.992	31
5.023	31
5.055	31
5.087	32
5.119	31
5.151	32
5.183	32
5.216	33
5.248	32
5.28	32
5.317	37
5.35	33
5.381	30
5.412	31
5.443	31
5.475	32
5.507	32
5.539	32
5.57	31
5.601	31
5.633	31
5.665	32
5.696	31
5.73	34
5.762	32
5.793	31
5.824	31
5.856	32
5.887	31
5.919	31
5.978	59
6.01	32
6.042	32
6.074	32
6.106	32
6.138	32
6.171	33
6.203	32
6.26	57
6.292	32
6.324	32
6.359	35
6.39	31
6.421	31
6.453	31
6.484	31
6.516	32
6.549	33
6.583	33
6.615	32
6.646	31
6.682	36
6.714	32
6.746	31
6.778	32
6.809	31
6.841	32
6.872	31
6.906	33
6.938	32
6.969	31
7.001	31
7.032	31
7.063	31
7.095	32
7.127	32
7.159	32
7.192	33
7.224	31
7.256	31
7.287	31
7.321	34
7.352	31
7.398	46
7.43	32
7.462	31
7.493	31
7.524	30
7.556	31
7.587	31
7.618	30
7.65	31
7.682	32
7.713	31
7.745	31
7.776	31
7.807	31
7.839	32
7.876	37
7.911	35
7.943	32
7.974	31
8.006	32
8.038	32
8.072	34
8.104	32
8.136	32
8.168	31
8.199	31
8.231	32
8.264	31
8.296	31
8.328	31
8.359	31
8.392	33
8.423	31
8.455	32
8.486	31
8.518	31
8.55	32
8.581	31
8.613	32
8.646	32
8.678	32
8.709	31
8.741	31
8.773	32
8.804	31
8.836	32
8.867	31
8.897	30
8.929	32
8.963	34
8.994	31
9.026	32
9.058	32
9.09	32
9.12	30
9.156	35
9.189	33
9.22	31
9.251	31
9.284	33
9.315	31
9.346	31
9.378	31
9.409	31
9.44	31
9.471	31
9.503	31
9.535	32
9.568	32
9.599	31
9.63	31
9.661	31
9.693	31
9.726	32
9.758	32
9.796	38
9.827	31
9.859	32
9.89	31
9.921	31
9.952	31
9.983	31
10.014	31
10.046	32
10.077	31
10.11	33
10.141	31
10.172	31
10.204	31
10.235	31
10.267	32
10.298	31
10.329	31
10.36	31
10.391	31
10.423	32
10.455	32
10.489	34
10.521	32
10.553	32
10.584	31
10.616	32
10.647	31
10.679	31
10.71	31
10.741	31
10.773	32
10.806	33
10.838	32
10.869	31
10.9	31
10.931	31
10.963	32
10.994	31
11.026	31
11.076	50
11.107	31
11.139	32
11.173	33
11.206	33
11.237	31
11.269	32
11.301	32
11.331	30
11.363	31
11.394	31
11.426	31
11.458	32
11.49	32
11.523	33
11.553	30
11.584	31
11.616	32
11.647	31
11.679	32
11.718	39
11.75	32
11.781	31
11.812	31
11.843	31
11.874	31
11.905	31
11.936	31
11.968	32
11.999	31
12.03	31
12.061	30
12.092	31
12.125	32
12.156	31
12.187	31
12.219	32
12.25	31
12.283	33
12.314	31
12.356	42
12.387	31
12.418	30
12.449	30
12.481	32
12.512	31
12.543	31
12.574	31
12.605	31
12.64	35
12.67	30
12.701	31
12.733	32
12.764	31
12.795	31
12.827	32
12.858	31
12.89	32
12.922	32
12.958	36
12.997	39
13.029	32
13.061	31
13.092	31
13.124	32
13.156	32
13.187	31
13.218	31
13.249	31
13.28	31
13.312	31
13.344	31
13.375	31
13.413	38
13.452	39
13.484	32
13.516	32
13.547	31
13.579	32
13.61	31
13.644	34
13.676	32
13.707	31
13.739	32
13.771	32
13.803	32
13.834	31
13.869	35
13.901	32
13.931	30
13.963	32
13.994	31
14.026	31
14.058	32
14.089	31
14.12	31
14.152	32
14.183	31
14.215	32
14.246	31
14.281	34
14.315	34
14.346	31
14.38	33
14.412	31
14.485	73
14.517	31
14.569	52
14.601	32
14.632	31
14.669	37
14.7	31
14.731	30
14.763	32
14.795	32
14.825	30
14.857	32
14.888	31
14.92	32
14.952	31
14.983	31
15.014	31
15.048	33
15.08	32
15.112	32
15.143	31
15.176	33
15.207	31
15.239	32
15.27	31
15.302	31
15.334	32
15.366	32
15.397	31
15.429	31
15.46	31
15.491	31
15.523	31
15.579	56
15.611	32
15.642	31
15.674	32
15.705	31
15.736	31
15.767	31
15.799	32
15.831	32
15.862	31
15.894	32
15.926	32
15.957	31
15.989	32
16.021	32
16.052	31
16.083	31
16.115	32
16.146	31
16.184	38
16.215	31
16.247	32
16.278	31
16.31	32
16.341	31
16.373	32
16.405	32
16.438	33
16.47	32
16.501	31
16.532	30
16.564	31
16.596	32
16.627	31
16.659	32
16.691	32
16.722	31
16.753	31
16.785	32
16.825	40
16.856	31
16.888	32
16.92	31
16.951	31
16.984	33
17.016	32
17.047	31
17.077	30
17.108	30
17.14	31
17.172	32
17.203	31
17.234	31
17.266	31
17.299	33
17.331	32
17.362	31
17.394	31
17.426	32
17.465	39
17.496	31
17.528	32
17.56	32
17.591	31
17.622	31
17.653	31
17.684	31
17.716	32
17.748	32
17.779	31
17.81	31
17.841	31
17.872	31
17.914	41
17.949	35
17.98	31
18.011	31
18.043	32
18.074	31
18.117	43
18.149	32
18.18	31
18.211	31
18.243	32
18.275	32
18.306	31
18.337	31
18.372	35
18.405	33
18.436	31
18.467	31
18.499	32
18.531	32
18.563	32
18.594	31
18.625	31
18.656	31
18.687	31
18.719	32
18.757	38
18.788	31
18.82	32
18.852	32
18.883	31
18.914	31
18.945	31
18.985	40
19.017	32
19.059	42
19.092	33
19.124	32
19.155	31
19.186	31
19.217	31
19.248	31
19.28	31
19.312	32
19.344	32
19.385	41
19.416	31
19.449	32
19.48	31
19.512	32
19.543	31
19.574	31
19.606	32
19.638	31
19.673	35
19.718	45
19.759	40
19.79	31
19.822	32
19.853	31
19.884	30
19.916	32
19.947	31
19.978	31
20.01	31
20.045	34
20.077	32
20.108	31
20.139	31
20.171	32
20.202	31
20.234	32
20.265	31
20.297	32
20.332	31
20.378	46
20.409	31
20.442	32
20.477	35
20.525	47
20.557	32
20.589	32
20.648	59
20.681	33
20.712	31
20.744	31
20.775	31
20.808	32
20.84	32
20.871	31
20.903	31
20.935	32
20.967	32
20.999	32
21.031	32
21.062	31
21.093	31
21.125	31
21.157	32
21.19	33
21.223	33
21.255	32
21.286	31
21.318	31
21.35	32
21.382	32
21.413	31
21.447	34
21.478	31
21.509	31
21.541	32
21.573	32
21.604	31
21.636	32
21.668	32
21.699	31
21.731	32
21.763	32
21.795	32
21.826	31
21.858	31
21.889	31
21.921	32
21.96	39
21.992	32
22.023	31
22.055	32
22.086	31
22.118	32
22.15	32
22.183	33
22.218	35
22.249	31
22.281	32
22.312	31
22.343	31
22.375	32
22.408	33
22.44	32
22.471	31
22.502	31
22.533	31
22.564	31
22.598	34
22.63	32
22.661	31
22.693	31
22.725	32
22.757	32
22.788	31
22.82	32
22.851	31
22.884	33
22.915	31
22.947	32
22.978	31
23.008	30
23.04	31
23.071	31
23.102	30
23.135	33
23.166	31
23.198	31
23.24	42
23.273	33
23.305	32
23.336	31
23.368	32
23.399	31
23.432	33
23.463	31
23.495	32
23.526	31
23.557	30
23.589	31
23.621	32
23.652	31
23.684	32
23.716	32
23.748	32
23.78	32
23.811	31
23.843	32
23.878	35
23.911	33
23.944	33
23.976	32
24.007	31
24.039	31
24.071	32
24.102	31
24.133	31
24.164	31
24.196	31
24.227	31
24.258	31
24.29	31
24.323	33
24.38	57
24.412	32
24.443	31
24.475	32
24.518	43
24.55	32
24.581	31
24.612	31
24.643	31
24.675	32
24.707	32
24.739	32
24.771	32
24.806	35
24.837	31
24.869	32
24.9	31
24.931	31
24.962	31
24.993	31
25.025	31
25.057	31
25.089	32
25.12	31
25.181	61
25.216	35
25.248	32
25.28	32
25.312	32
25.347	35
25.379	32
25.41	31
25.441	31
25.472	31
25.504	32
25.536	32
25.567	31
25.598	31
25.63	32
25.661	31
25.692	31
25.724	32
25.757	33
25.8	43
25.831	31
25.863	32
25.894	31
25.926	32
25.959	33
25.993	34
26.024	31
26.055	31
26.086	30
26.118	31
26.149	31
26.181	32
26.212	31
26.244	32
26.276	32
26.307	31
26.339	32
26.371	32
26.402	31
26.44	38
26.471	31
26.504	33
26.534	30
26.568	34
26.599	31
26.631	32
26.662	31
26.694	32
26.728	34
26.759	31
26.799	40
26.833	33
26.865	32
26.896	31
26.929	32
26.961	32
26.992	31
27.023	31
27.066	43
27.098	32
27.131	33
27.163	32
27.194	31
27.226	32
27.258	32
27.289	31
27.322	32
27.353	31
27.386	32
27.417	31
27.449	32
27.481	32
27.512	31
27.544	32
27.575	31
27.607	32
27.643	36
27.675	32
27.705	30
27.736	31
27.768	31
27.8	32
27.831	31
27.863	31
27.894	31
27.926	32
27.958	32
27.989	31
28.02	31
28.053	32
28.085	32
28.117	32
28.148	31
28.179	31
28.21	31
28.241	31
28.273	32
28.305	32
28.36	55
28.391	31
28.424	33
28.455	31
28.486	31
28.517	31
28.548	31
28.58	32
28.612	32
28.646	34
28.677	31
28.708	31
28.739	31
28.77	31
28.802	32
28.834	32
28.865	31
28.897	32
28.929	32
28.969	40
29.001	32
29.034	33
29.066	32
29.098	31
29.129	31
29.16	31
29.191	31
29.223	31
29.254	31
29.286	31
29.317	31
29.349	32
29.381	32
29.413	31
29.445	32
29.477	32
29.508	31
29.539	31
29.57	31
29.601	31
29.639	38
29.7	61
29.751	51
29.784	33
29.815	31
29.845	30
29.877	31
29.91	33
29.941	31
29.972	31
30.006	34
30.037	31
30.068	31
30.102	34
30.137	35
30.168	31
30.201	33
30.234	33
30.28	46
30.314	34
30.346	32
30.377	31
30.409	32
30.442	33
30.474	31
30.505	31
30.537	31
30.57	33
30.601	31
30.633	32
30.665	32
30.696	31
30.728	32
30.77	41
30.801	31
30.834	32
30.865	31
30.91	45
30.953	43
30.984	31
31.016	32
31.047	31
31.078	31
31.11	32
31.142	32
31.175	33
31.207	32
31.239	31
31.271	32
31.302	31
31.333	31
31.365	32
31.397	31
31.43	33
31.462	32
31.492	30
31.524	32
31.559	35
31.59	31
31.622	32
31.654	32
31.688	34
31.721	33
31.757	36
31.794	37
31.826	31
31.859	33
31.892	33
31.923	31
31.955	32
31.986	31
32.017	31
32.051	33
32.082	31
32.114	32
32.146	32
32.188	42
32.22	32
32.252	32
32.283	31
32.314	31
32.346	32
32.377	31
32.408	31
32.44	32
32.472	32
32.506	34
32.538	32
32.569	31
32.601	32
32.633	32
32.663	30
32.696	32
32.728	32
32.773	45
32.814	41
32.846	32
32.878	32
32.91	32
32.941	31
32.972	31
33.009	37
33.04	31
33.071	31
33.103	32
33.139	36
33.192	53
33.224	32
33.255	31
33.286	31
33.317	31
33.349	32
33.38	31
33.413	33
33.445	32
33.48	35
33.511	31
33.543	32
33.575	32
33.606	31
33.638	32
33.669	31
33.701	32
33.732	31
33.766	34
33.799	33
33.83	31
33.862	32
33.894	32
33.926	32
33.957	31
33.99	33
34.021	31
34.053	32
34.085	32
34.128	43
34.159	31
34.19	31
34.222	32
34.253	31
34.284	31
34.315	31
34.365	50
34.413	48
34.474	60
34.507	32
34.572	65
34.607	35
34.639	32
34.684	45
34.716	32
34.787	71
34.818	31
34.853	35
34.884	31
34.916	32
34.949	33
34.981	32
35.014	33
35.046	32
35.077	31
35.109	32
35.14	31
35.171	31
35.202	31
35.234	31
35.266	32
35.297	31
35.329	32
35.361	32
35.4	39
35.432	32
35.463	31
35.494	31
35.526	32
35.559	33
35.591	32
35.621	30
35.653	32
35.684	31
35.715	31
35.746	31
35.778	32
35.809	31
35.843	34
35.874	31
35.906	32
35.938	32
35.97	32
36.001	31
36.041	40
36.072	31
36.103	31
36.135	32
36.168	33
36.199	31
36.232	33
36.263	31
36.296	32
36.328	32
36.359	31
36.39	31
36.421	31
36.452	31
36.484	32
36.516	32
36.547	31
36.579	32
36.611	32
36.643	32
36.68	37
36.711	31
36.744	33
36.776	32
36.808	32
36.84	32
36.871	31
36.902	31
36.933	31
36.965	32
36.997	32
37.028	31
37.06	31
37.095	35
37.126	31
37.158	32
37.189	31
37.22	31
37.251	31
37.283	32
37.32	37
37.352	32
37.384	32
37.414	30
37.446	31
37.479	33
37.511	32
37.542	31
37.574	32
37.606	32
37.637	31
37.669	31
37.701	32
37.732	31
37.763	31
37.795	32
37.827	32
37.859	32
37.889	30
37.921	31
37.961	40
37.992	31
38.023	31
38.055	32
38.09	35
38.122	32
38.153	31
38.184	30
38.216	32
38.248	32
38.28	32
38.312	31
38.343	31
38.375	31
38.407	32
38.438	31
38.47	32
38.503	33
38.535	31
38.567	32
38.6	33
38.631	31
38.663	32
38.695	32
38.726	31
38.758	32
38.79	32
38.821	31
38.852	31
38.885	33
38.917	32
38.949	32
38.981	32
39.012	31
39.044	32
39.075	31
39.107	32
39.138	31
39.171	33
39.203	31
39.24	37
39.274	34
39.305	31
39.337	32
39.368	31
39.399	31
39.433	33
39.464	31
39.496	32
39.528	32
39.559	31
39.591	32
39.624	33
39.658	33
39.689	31
39.72	31
39.752	32
39.783	31
39.817	34
39.849	32
39.881	32
39.913	32
39.944	31
39.975	31
40.007	32
40.038	31
40.071	33
40.103	32
40.136	33
40.167	31
40.198	31
40.229	31
40.26	31
40.291	31
40.323	31
40.354	31
40.386	31
40.417	31
40.449	32
40.48	31
40.52	40
40.552	32
40.584	31
40.616	32
40.651	35
40.683	32
40.714	31
40.745	31
40.777	32
40.81	33
40.84	30
40.872	32
40.904	32
40.935	31
40.967	32
40.999	32
41.03	31
41.061	31
41.093	32
41.125	32
41.16	35
41.192	32
41.224	32
41.255	31
41.286	31
41.317	31
41.349	32
41.38	31
41.412	32
41.446	34
41.477	31
41.508	31
41.539	31
41.57	31
41.601	31
41.633	32
41.663	30
41.694	31
41.725	31
41.757	32
41.8	42
41.831	31
41.864	33
41.896	32
41.927	31
41.959	31
41.991	32
42.022	31
42.053	31
42.084	31
42.116	32
42.147	31
42.179	32
42.215	36
42.257	42
42.289	32
42.32	31
42.352	32
42.384	32
42.416	32
42.448	32
42.48	32
42.512	32
42.543	31
42.574	31
42.606	32
42.638	32
42.67	32
42.701	31
42.734	33
42.764	30
42.796	31
42.827	31
42.86	32
42.892	32
42.924	32
42.956	32
42.987	31
43.019	32
43.051	32
43.084	33
43.115	30
43.147	31
43.178	31
43.209	31
43.24	31
43.272	32
43.303	31
43.335	32
43.367	32
43.398	31
43.429	31
43.46	31
43.493	33
43.525	31
43.557	32
43.588	31
43.62	32
43.651	31
43.683	32
43.721	38
43.753	32
43.784	31
43.815	30
43.847	31
43.879	31
43.91	31
43.942	32
43.975	33
44.007	32
44.039	32
44.07	31
44.102	32
44.134	32
44.166	32
44.199	33
44.232	33
44.264	32
44.295	31
44.326	31
44.385	59
44.42	35
44.463	43
44.496	33
44.528	31
44.56	32
44.592	32
44.623	31
44.654	31
44.686	32
44.718	32
44.75	32
44.781	31
44.814	32
44.846	32
44.877	31
44.908	31
44.94	31
44.971	31
45.004	32
45.035	31
45.067	31
45.098	31
45.129	31
45.161	32
45.193	31
45.225	32
45.257	31
45.289	32
45.321	32
45.353	32
45.384	31
45.418	34
45.45	32
45.482	32
45.513	31
45.545	31
45.577	32
45.609	32
45.641	32
45.673	32
45.704	31
45.736	32
45.768	32
45.8	32
45.831	31
45.863	32
45.894	31
45.93	35
45.962	32
45.993	31
46.024	31
46.056	32
46.087	31
46.118	31
46.15	31
46.181	31
46.215	34
46.247	31
46.282	35
46.314	32
46.346	32
46.377	31
46.41	33
46.442	32
46.473	31
46.505	31
46.536	31
46.568	32
46.599	31
46.631	31
46.663	31
46.694	31
46.726	32
46.757	31
46.79	33
46.822	32
46.854	32
46.886	32
46.921	35
46.957	36
46.99	33
47.022	32
47.053	31
47.084	31
47.115	31
47.147	32
47.18	33
47.211	31
47.243	32
47.274	31
47.305	31
47.336	31
47.368	32
47.416	48
47.448	32
47.497	49
47.529	32
47.561	32
47.591	30
47.623	31
47.655	31
47.687	31
47.719	31
47.751	32
47.783	32
47.817	34
47.848	31
47.879	31
47.91	31
47.943	33
47.982	39
48.013	31
48.045	31
48.077	32
48.109	32
48.14	31
48.174	34
48.221	47
48.259	38
48.291	32
48.322	31
48.354	32
48.386	32
48.419	33
48.451	32
48.482	31
48.513	31
48.544	31
48.575	31
48.607	32
48.639	32
48.671	32
48.702	31
48.737	35
48.769	32
48.801	32
48.842	41
48.873	31
48.904	31
48.936	32
48.967	31
48.999	32
49.031	32
49.062	31
49.095	32
49.127	32
49.161	34
49.193	31
49.225	31
49.257	32
49.29	33
49.321	31
49.353	31
49.385	32
49.416	31
49.448	32
49.481	33
49.514	33
49.546	32
49.577	31
49.609	32
49.641	32
49.672	31
49.703	31
49.734	31
49.766	31
49.797	31
49.829	32
49.86	31
49.895	35
49.927	32
49.958	31
49.99	32
50.021	31
50.053	31
50.085	32
50.121	36
50.153	32
50.185	32
50.216	31
50.247	31
50.279	32
50.31	31
50.342	32
50.374	32
50.407	33
50.439	32
50.47	31
50.501	31
50.532	31
50.563	31
50.595	32
50.627	32
50.658	31
50.689	31
50.72	31
50.762	42
50.794	31
50.836	42
50.869	33
50.901	32
50.934	33
50.966	32
50.997	31
51.028	31
51.059	31
51.093	34
51.125	32
51.157	32
51.188	31
51.222	33
51.261	39
51.293	32
51.325	32
51.357	32
51.39	33
51.424	34
51.455	31
51.486	31
51.518	32
51.553	35
51.585	32
51.616	31
51.648	31
51.679	31
51.71	31
51.742	31
51.773	31
51.805	32
51.837	32
51.869	32
51.901	31
51.933	32
51.964	31
51.995	31
52.028	33
52.06	32
52.092	32
52.123	31
52.154	31
52.185	31
52.218	33
52.25	32
52.282	32
52.313	31
52.345	32
52.377	32
52.408	31
52.439	31
52.47	31
52.501	31
52.533	32
52.564	31
52.595	31
52.629	34
52.67	41
52.702	32
52.734	32
52.765	31
52.797	32
52.828	31
52.86	32
52.893	33
52.926	32
52.958	32
52.99	32
53.021	31
53.052	30
53.083	31
53.115	32
53.147	32
53.178	31
53.21	32
53.242	32
53.274	32
53.309	35
53.34	31
53.372	31
53.405	33
53.437	31
53.468	31
53.5	32
53.531	31
53.562	31
53.593	31
53.624	31
53.656	32
53.688	32
53.72	32
53.751	31
53.781	30
53.815	34
53.847	32
53.878	31
53.909	31
53.985	76
54.015	30
54.048	32
54.08	32
54.114	34
54.146	32
54.176	30
54.217	40
54.259	42
54.291	32
54.322	31
54.382	60
54.414	31
54.446	32
54.484	38
54.519	35
54.581	62
54.613	31
54.644	31
54.682	38
54.715	33
54.747	32
54.785	38
54.816	31
54.848	32
54.882	34
54.915	33
54.947	32
54.978	31
55.01	32
55.041	31
55.074	33
55.106	32
55.137	31
55.169	32
55.2	31
55.242	42
55.273	31
55.305	31
55.337	31
55.369	32
55.401	32
55.433	32
55.464	31
55.495	31
55.527	32
55.559	32
55.591	32
55.622	31
55.654	32
55.685	31
55.717	32
55.748	31
55.782	34
55.814	31
55.847	33
55.882	35
55.918	36
55.95	32
55.982	32
56.014	32
56.045	31
56.076	31
56.109	32
56.14	31
56.171	31
56.203	32
56.234	31
56.265	31
56.298	32
56.331	33
56.362	31
56.396	34
56.429	33
56.46	31
56.491	31
56.522	31
56.553	30
56.584	30
56.617	33
56.648	31
56.682	34
56.714	32
56.746	32
56.777	31
56.809	32
56.839	30
56.871	32
56.903	32
56.935	32
56.967	32
56.998	31
57.031	33
57.063	32
57.094	31
57.125	31
57.168	43
57.202	34
57.233	31
57.267	34
57.299	31
57.33	31
57.361	31
57.393	32
57.424	31
57.455	31
57.486	31
57.518	32
57.557	39
57.589	32
57.643	54
57.674	31
57.707	33
57.768	60
57.832	64
57.863	31
57.925	62
57.956	30
57.996	40
58.041	45
58.073	31
58.107	34
58.137	30
58.168	31
58.2	31
58.231	30
58.263	31
58.295	32
58.327	32
58.358	31
58.391	33
58.475	84
58.506	31
58.537	31
58.569	32
58.601	32
58.633	32
58.664	31
58.696	32
58.736	40
58.769	33
58.804	34
58.836	32
58.866	30
58.897	31
58.929	32
58.962	33
58.994	32
59.029	35
59.082	53
59.114	32
59.146	32
59.178	32
59.209	31
59.242	33
59.273	30
59.305	31
59.337	32
59.368	31
59.4	32
59.432	32
59.463	31
59.494	31
59.526	32
59.557	31
59.593	36
59.624	31
59.656	32
59.688	32
59.723	35
59.755	32
59.786	31
59.817	31
59.848	31
59.88	31
59.912	31
59.944	32
59.976	32
60.007	31
60.038	31
60.07	32
60.102	32
60.135	33
60.167	32
60.198	31
60.231	32
60.262	31
60.293	31
60.325	32
60.362	37
60.393	30
60.425	32
60.456	31
60.488	32
60.519	31
60.551	31
60.582	31
60.614	31
60.646	32
60.677	31
60.71	33
60.742	31
60.774	32
60.805	31
60.836	31
60.867	31
60.898	31
60.93	32
60.961	31
61.004	43
61.035	31
61.067	32
61.099	32
61.13	31
61.161	31
61.192	31
61.224	31
61.255	31
61.287	31
61.319	32
61.351	32
61.385	34
61.416	31
61.448	32
61.48	32
61.511	31
61.543	32
61.575	32
61.606	31
61.643	37
61.675	32
61.706	31
61.737	31
61.769	32
61.803	34
61.834	31
61.866	32
61.898	32
61.929	31
61.96	31
61.992	31
62.023	31
62.054	31
62.085	30
62.117	32
62.149	32
62.18	31
62.214	34
62.246	32
62.283	37
62.315	32
62.346	31
62.378	32
62.41	32
62.442	32
62.473	31
62.504	31
62.535	31
62.567	32
62.599	32
62.63	31
62.662	32
62.694	32
62.726	32
62.757	31
62.788	31
62.82	32
62.851	31
62.883	31
62.924	41
62.955	31
62.987	32
63.019	32
63.05	31
63.081	31
63.112	31
63.143	31
63.175	32
63.211	36
63.243	32
63.275	32
63.308	33
63.339	31
63.37	31
63.401	31
63.433	32
63.464	31
63.496	32
63.527	31
63.586	59
63.618	32
63.65	32
63.681	31
63.715	34
63.748	33
63.779	31
63.811	32
63.847	36
63.878	31
63.909	31
63.944	35
63.975	31
64.006	31
64.039	33
64.071	32
64.102	31
64.133	31
64.165	32
64.203	38
64.235	31
64.267	32
64.298	31
64.33	32
64.363	33
64.393	30
64.429	36
64.46	31
64.493	31
64.524	31
64.558	34
64.59	32
64.621	31
64.654	33
64.686	32
64.719	32
64.765	46
64.8	35
64.832	32
64.865	33
64.898	32
64.93	32
64.962	32
64.994	32
65.025	31
65.056	30
65.088	31
65.12	32
65.153	33
65.184	31
65.216	32
65.248	32
65.279	31
65.309	30
65.341	32
65.372	31
65.404	32
65.435	31
65.471	35
65.502	31
65.534	31
65.565	31
65.597	32
65.628	31
65.66	32
65.691	31
65.725	33
65.756	31
65.791	35
65.827	31
65.859	32
65.89	31
65.923	32
65.954	31
65.986	32
66.017	31
66.049	32
66.08	31
66.111	31
66.142	31
66.176	34
66.207	31
66.24	33
66.273	33
66.304	31
66.336	32
66.368	32
66.401	33
66.433	32
66.464	31
66.495	31
66.527	32
66.559	32
66.59	31
66.621	30
66.652	31
66.684	32
66.715	31
66.751	36
66.782	31
66.814	32
66.846	32
66.878	32
66.909	31
66.94	31
66.983	43
67.015	32
67.048	33
67.079	31
67.11	31
67.142	32
67.173	31
67.204	31
67.236	32
67.267	31
67.298	31
67.33	32
67.363	33
67.406	43
67.438	32
67.469	31
67.5	31
67.532	32
67.564	32
67.597	33
67.63	33
67.662	32
67.694	32
67.725	31
67.756	31
67.788	32
67.819	31
67.851	32
67.883	32
67.915	32
67.947	32
67.978	31
68.009	31
68.044	35
68.075	31
68.107	32
68.138	31
68.17	32
68.201	31
68.232	31
68.263	31
68.307	44
68.34	33
68.371	31
68.402	31
68.434	32
68.465	31
68.497	32
68.529	32
68.561	32
68.593	32
68.624	31
68.655	31
68.687	32
68.719	32
68.75	31
68.781	31
68.813	32
68.844	31
68.875	31
68.906	31
68.937	31
68.971	34
69.002	31
69.034	32
69.065	31
69.098	33
69.129	31
69.161	32
69.191	30
69.232	40
69.263	31
69.295	32
69.327	32
69.358	31
69.389	31
69.421	32
69.453	32
69.486	32
69.518	32
69.549	31
69.586	36
69.617	30
69.649	32
69.681	31
69.711	30
69.743	31
69.774	31
69.805	31
69.838	33
69.869	24
69.9	31
69.931	31
69.966	35
69.998	32
70.029	31
70.062	33
70.094	32
70.126	32
70.157	31
70.19	33
70.221	31
70.252	31
70.284	31
70.316	32
70.347	31
70.379	32
70.41	31
70.441	31
70.473	32
70.504	31
70.537	33
70.569	32
70.605	36
70.637	32
70.668	31
70.699	31
70.734	35
70.765	31
70.796	31
70.828	32
70.86	32
70.891	31
70.922	31
70.954	32
70.985	31
71.019	34
71.051	32
71.083	32
71.123	40
71.155	31
71.186	31
71.221	35
71.254	33
71.286	32
71.317	31
71.348	31
71.379	31
71.411	32
71.442	31
71.473	31
71.505	31
71.537	32
71.568	31
71.599	31
71.63	31
71.664	33
71.695	31
71.727	32
71.759	32
71.79	31
71.823	33
71.854	31
71.885	31
71.917	31
71.948	31
71.981	33
72.014	33
72.046	32
72.077	31
72.109	31
72.141	32
72.173	32
72.204	31
72.236	32
72.269	33
72.3	31
72.332	31
72.363	31
72.394	31
72.426	32
72.457	31
72.489	32
72.526	37
72.557	31
72.588	31
72.62	32
72.652	32
72.683	31
72.715	32
72.747	32
72.778	31
72.809	31
72.84	31
72.872	32
72.905	33
72.937	32
72.969	32
73.0	31
73.033	33
73.065	32
73.097	32
73.13	33
73.188	58
73.222	34
73.253	31
73.284	31
73.315	31
73.346	31
73.378	32
73.41	32
73.441	31
73.473	32
73.504	31
73.536	32
73.569	33
73.6	31
73.631	31
73.663	32
73.695	32
73.731	36
73.762	31
73.805	43
73.837	32
73.868	30
73.9	32
73.932	32
73.963	31
73.995	32
74.026	31
74.058	32
74.091	33
74.123	32
74.155	32
74.186	31
74.217	31
74.248	31
74.279	31
74.31	31
74.344	34
74.395	51
74.434	39
74.477	43
74.545	68
74.58	35
74.611	30
74.643	32
74.687	44
74.73	42
74.783	53
74.814	31
74.845	30
74.894	49
74.925	31
74.957	32
74.989	32
75.021	32
75.053	32
75.085	32
75.117	31
75.149	32
75.18	31
75.212	32
75.243	31
75.276	32
75.306	30
75.338	31
75.369	31
75.401	32
75.433	31
75.465	32
75.497	32
75.527	30
75.558	30
75.59	31
75.621	31
75.653	32
75.685	32
75.725	40
75.757	31
75.789	32
75.822	33
75.854	32
75.886	32
75.917	31
75.948	31
75.98	31
76.011	31
76.043	31
76.075	32
76.107	32
76.139	32
76.17	31
76.201	31
76.233	31
76.264	31
76.296	32
76.327	31
76.366	39
76.407	41
76.44	33
76.472	32
76.505	32
76.536	31
76.571	35
76.603	32
76.634	31
76.665	31
76.696	31
76.728	32
76.759	31
76.791	32
76.823	32
76.856	33
76.888	32
76.919	31
76.949	30
76.981	31
77.013	32
77.044	31
77.076	31
77.107	31
77.138	31
77.172	34
77.206	34
77.237	31
77.269	31
77.301	32
77.333	32
77.364	31
77.395	31
77.427	31
77.461	34
77.493	32
77.524	31
77.556	31
77.587	31
77.619	32
77.65	31
77.681	31
77.713	31
77.744	31
77.777	33
77.809	31
77.84	31
77.872	32
77.905	33
77.936	31
77.967	31
77.999	32
78.031	32
78.062	31
78.093	31
78.125	32
78.158	33
78.189	31
78.22	31
78.251	31
78.286	35
78.318	32
78.349	31
78.383	34
78.415	32
78.446	31
78.478	32
78.51	32
78.541	31
78.572	30
78.603	31
78.634	31
78.665	31
78.699	34
78.731	32
78.763	32
78.794	31
78.825	31
78.856	31
78.887	31
78.928	41
78.96	32
78.991	31
79.023	32
79.054	31
79.086	32
79.118	32
79.149	31
79.181	32
79.213	32
79.244	31
79.276	32
79.308	32
79.339	31
79.371	32
79.402	31
79.433	31
79.464	31
79.496	32
79.528	32
79.568	40
79.6	32
79.631	31
79.663	32
79.696	32
79.727	31
79.758	31
79.789	31
79.822	33
79.853	31
79.887	34
79.918	31
79.95	31
79.981	31
80.013	32
80.045	32
80.077	32
80.108	31
80.14	32
80.171	31
80.208	37
80.24	32
80.272	31
80.304	32
80.335	31
80.368	33
80.399	31
80.431	32
80.463	32
80.494	31
80.526	32
80.558	32
80.589	31
80.62	31
80.652	32
80.683	31
80.717	34
80.748	31
80.779	31
80.811	32
80.849	38
80.88	31
80.912	32
80.944	32
80.974	30
81.006	31
81.038	32
81.07	32
81.101	31
81.133	32
81.164	31
81.195	30
81.236	40
81.268	32
81.302	34
81.333	31
81.365	32
81.396	31
81.427	31
81.458	30
81.49	32
81.522	32
81.554	32
81.585	31
81.617	32
81.648	31
81.679	30
81.712	32
81.743	31
81.775	32
81.807	32
81.839	32
81.87	31
81.901	31
81.932	31
81.967	35
81.999	31
82.03	31
82.061	31
82.092	30
82.129	37
82.16	31
82.192	32
82.224	32
82.255	31
82.286	31
82.318	32
82.35	32
82.381	31
82.413	32
82.445	32
82.484	39
82.515	31
82.547	31
82.578	31
82.612	34
82.643	31
82.674	31
82.706	32
82.737	31
82.792	55
82.823	31
82.854	31
82.889	35
82.92	31
82.952	32
82.983	31
83.016	33
83.048	32
83.08	32
83.111	31
83.146	35
83.177	31
83.208	31
83.24	32
83.272	32
83.303	31
83.335	32
83.366	31
83.409	43
83.441	32
83.473	32
83.504	31
83.535	31
83.566	31
83.597	31
83.628	31
83.662	34
83.694	32
83.726	32
83.757	31
83.79	33
83.821	31
83.852	31
83.884	32
83.916	32
83.947	31
83.979	31
84.011	32
84.054	32
84.085	31
84.118	32
84.15	32
84.181	31
84.212	31
84.243	31
84.275	32
84.307	32
84.338	31
84.369	31
84.4	31
84.434	33
84.465	31
84.498	33
84.53	32
84.561	31
84.593	32
84.624	31
84.655	31
84.689	34
84.72	31
84.752	32
84.783	31
84.815	31
84.847	32
84.878	31
84.909	31
84.941	32
84.973	32
85.004	31
85.036	32
85.07	34
85.101	31
85.132	31
85.163	31
85.194	31
85.226	32
85.259	32
85.291	32
85.332	41
85.371	39
85.408	37
85.444	36
85.476	31
85.508	31
85.539	31
85.571	32
85.603	32
85.634	31
85.665	31
85.697	32
85.729	32
85.76	31
85.792	31
85.824	32
85.858	34
85.89	32
85.922	32
85.957	35
85.992	35
86.023	31
86.055	31
86.087	32
86.119	32
86.151	31
86.182	31
86.214	32
86.246	32
86.278	32
86.31	32
86.342	32
86.373	31
86.405	32
86.437	32
86.468	31
86.5	32
86.532	32
86.563	31
86.597	34
86.628	31
86.659	31
86.691	32
86.722	31
86.754	32
86.786	32
86.82	34
86.851	31
86.883	32
86.914	31
86.946	32
86.977	31
87.009	32
87.04	31
87.072	31
87.103	31
87.137	34
87.174	37
87.205	31
87.253	48
87.285	32
87.316	31
87.348	32
87.38	32
87.411	31
87.444	33
87.477	33
87.509	32
87.541	32
87.572	31
87.605	32
87.638	33
87.684	46
87.716	31
87.747	31
87.778	31
87.81	31
87.844	34
87.892	47
87.923	31
87.956	33
87.988	32
88.019	31
88.051	31
88.084	33
88.115	31
88.147	32
88.178	31
88.209	31
88.241	32
88.272	31
88.304	32
88.335	31
88.368	33
88.399	31
88.43	31
88.461	31
88.492	31
88.53	38
88.561	31
88.594	33
88.625	31
88.656	31
88.687	31
88.718	31
88.749	31
88.781	32
88.812	31
88.844	32
88.875	31
88.907	32
88.939	32
88.97	31
89.001	31
89.034	32
89.066	32
89.098	32
89.13	32
89.171	41
89.202	31
89.236	34
89.269	33
89.3	31
89.331	31
89.363	32
89.394	31
89.426	32
89.458	32
89.489	31
89.525	35
89.556	31
89.598	41
89.63	32
89.662	32
89.698	36
89.732	34
89.764	32
89.799	35
89.832	33
89.864	32
89.896	32
89.928	32
89.959	31
89.99	31
90.022	32
90.054	32
90.088	34
90.12	32
90.151	31
90.183	31
90.215	32
90.246	31
90.278	31
90.308	30
90.341	32
90.373	32
90.405	32
90.438	33
90.469	31
90.501	32
90.533	32
90.564	31
90.596	32
90.628	32
90.659	31
90.69	31
90.723	33
90.755	32
90.787	32
90.818	31
90.85	32
90.881	31
90.913	32
90.944	31
90.975	31
91.009	34
91.041	32
91.078	37
91.112	34
91.144	32
91.176	32
91.207	31
91.24	33
91.271	31
91.302	31
91.335	33
91.367	32
91.398	31
91.43	32
91.462	32
91.496	34
91.527	31
91.558	31
91.59	32
91.623	33
91.654	31
91.686	32
91.717	31
91.749	32
91.78	31
91.811	30
91.843	32
91.875	32
91.907	32
91.94	33
91.973	33
92.005	32
92.036	31
92.067	31
92.099	32
92.131	32
92.162	31
92.194	32
92.226	32
92.259	33
92.29	31
92.322	32
92.394	72
92.426	32
92.457	31
92.489	32
92.52	31
92.552	32
92.583	31
92.617	34
92.648	31
92.679	31
92.71	31
92.742	32
92.774	32
92.805	31
92.838	33
92.874	36
92.908	34
92.94	32
92.976	36
93.012	36
93.044	32
93.076	32
93.109	33
93.14	31
93.172	31
93.203	31
93.234	31
93.265	31
93.297	31
93.329	32
93.36	31
93.391	31
93.422	31
93.454	32
93.488	34
93.519	31
93.551	32
93.582	31
93.614	32
93.65	36
93.681	30
93.712	30
93.746	34
93.777	31
93.808	31
93.841	33
93.872	31
93.904	31
93.935	31
93.967	32
94.0	33
94.032	32
94.063	31
94.094	31
94.126	31
94.157	31
94.189	32
94.221	32
94.255	34
94.29	34
94.322	32
94.354	32
94.388	34
94.42	32
94.451	31
94.482	31
94.513	31
94.545	32
94.578	33
94.61	32
94.643	33
94.674	31
94.705	31
94.738	33
94.77	32
94.801	31
94.832	31
94.896	64
94.931	35
94.963	32
94.995	32
95.026	31
95.057	31
95.088	31
95.12	31
95.151	31
95.183	32
95.214	31
95.246	32
95.28	34
95.311	31
95.343	32
95.374	30
95.406	32
95.438	32
95.469	31
95.5	31
95.531	31
95.571	39
95.603	32
95.634	31
95.667	33
95.699	32
95.73	31
95.762	31
95.794	32
95.825	31
95.856	31
95.888	32
95.92	32
95.951	31
95.983	31
96.014	31
96.047	33
96.078	31
96.11	32
96.141	31
96.173	32
96.21	37
96.243	33
96.275	32
96.313	38
96.355	41
96.387	32
96.417	30
96.449	31
96.481	32
96.511	30
96.543	31
96.574	31
96.605	31
96.637	32
96.669	32
96.703	34
96.747	44
96.778	31
96.809	31
96.851	42
96.882	31
96.913	31
96.945	32
96.976	31
97.007	31
97.039	31
97.072	33
97.103	31
97.134	31
97.165	31
97.196	31
97.229	32
97.26	31
97.292	32
97.323	31
97.354	30
97.386	31
97.417	31
97.448	31
97.491	42
97.522	31
97.553	31
97.585	31
97.617	31
97.649	32
97.681	32
97.712	31
97.746	34
97.779	33
97.815	36
97.848	33
97.879	31
97.911	32
97.942	31
97.974	32
98.006	32
98.037	31
98.068	31
98.099	31
98.131	31
98.162	31
98.194	32
98.227	32
98.259	32
98.29	31
98.322	32
98.354	32
98.385	31
98.417	32
98.449	32
98.48	31
98.512	32
98.544	32
98.575	31
98.608	33
98.64	31
98.672	31
98.704	32
98.738	34
98.773	35
98.805	32
98.836	31
98.867	31
98.899	32
98.93	31
98.962	31
98.998	36
99.029	31
99.061	31
99.093	32
99.124	31
99.155	31
99.187	32
99.218	31
99.25	32
99.282	32
99.314	32
99.345	31
99.377	32
99.411	34
99.442	31
99.473	31
99.505	32
99.536	31
99.567	31
99.598	31
99.629	31
99.663	33
99.697	34
99.728	31
99.76	32
99.794	34
99.826	32
99.857	31
99.889	32
99.92	31
99.951	31
99.983	32
100.015	32
100.051	36
100.083	32
100.115	32
100.146	31
100.178	32
100.209	31
100.24	31
100.272	32
100.303	31
100.336	32
100.368	31
100.399	31
100.431	31
100.462	31
100.494	31
100.526	32
100.558	32
100.589	31
100.62	31
100.65	30
100.692	42
100.723	31
100.754	31
100.787	33
100.819	32
100.851	32
100.883	32
100.915	32
100.946	31
100.977	31
101.009	31
101.04	31
101.072	32
101.104	32
101.136	32
101.168	32
101.199	31
101.23	30
101.261	31
101.293	31
101.331	38
101.362	31
101.395	33
101.426	31
101.458	32
101.49	32
101.521	31
101.552	31
101.583	31
101.615	32
101.647	32
101.68	33
101.711	31
101.742	31
101.774	32
101.806	32
101.837	31
101.869	32
101.901	32
101.931	30
101.994	63
102.025	31
102.056	31
102.09	34
102.121	31
102.152	31
102.183	31
102.215	32
102.248	33
102.279	31
102.31	31
102.342	32
102.376	34
102.408	32
102.44	32
102.471	31
102.503	31
102.534	31
102.566	32
102.602	36
102.633	31
102.665	32
102.696	31
102.728	32
102.759	31
102.79	31
102.822	32
102.854	32
102.887	33
102.919	32
102.95	31
102.981	31
103.013	32
103.044	31
103.075	31
103.107	32
103.138	31
103.17	32
103.201	31
103.239	38
103.271	32
103.302	31
103.334	32
103.366	32
103.4	34
103.432	32
103.464	32
103.496	32
103.527	31
103.557	30
103.589	32
103.62	31
103.651	31
103.683	32
103.716	33
103.748	32
103.779	31
103.811	32
103.842	31
103.88	38
103.912	31
103.944	32
103.976	32
104.008	32
104.039	31
104.07	31
104.102	32
104.133	31
104.166	33
104.199	33
104.232	32
104.268	36
104.306	38
104.349	43
104.38	31
104.411	31
104.442	31
104.474	31
104.505	31
104.537	32
104.569	32
104.601	32
104.633	32
104.663	30
104.695	31
104.727	32
104.758	31
104.79	32
104.821	31
104.852	31
104.885	33
104.916	31
104.948	32
104.98	32
105.017	36
105.049	32
105.08	31
105.12	39
105.162	42
105.193	31
105.225	32
105.257	32
105.288	31
105.32	32
105.351	31
105.382	31
105.413	31
105.444	31
105.476	32
105.507	31
105.538	31
105.572	34
105.605	33
105.637	31
105.674	37
105.709	35
105.741	32
105.772	31
105.813	41
105.845	32
105.879	34
105.909	30
105.941	30
105.972	31
106.006	34
106.037	31
106.069	32
106.1	31
106.134	34
106.165	31
106.197	32
106.229	32
106.26	30
106.291	31
106.323	32
106.354	31
106.385	31
106.417	32
106.453	36
106.484	31
106.516	32
106.548	31
106.579	31
106.611	32
106.647	36
106.68	33
106.712	32
106.742	30
106.773	31
106.805	32
106.837	32
106.868	31
106.903	35
106.935	32
106.966	31
106.998	32
107.029	31
107.06	31
107.092	32
107.124	32
107.157	33
107.189	31
107.221	32
107.253	32
107.284	31
107.316	32
107.347	31
107.378	31
107.41	32
107.443	33
107.474	31
107.505	31
107.537	32
107.568	31
107.599	31
107.631	32
107.663	32
107.696	33
107.733	37
107.764	31
107.796	32
107.828	32
107.859	31
107.891	32
107.922	31
107.954	32
107.986	32
108.018	32
108.049	31
108.08	31
108.111	31
108.143	31
108.174	30
108.206	31
108.238	31
108.269	31
108.3	31
108.332	32
108.373	41
108.404	31
108.435	31
108.467	32
108.499	32
108.53	31
108.562	32
108.595	33
108.625	30
108.657	32
108.689	32
108.72	31
108.751	31
108.783	31
108.815	32
108.846	31
108.878	32
108.909	30
108.941	31
108.972	31
109.013	41
109.044	31
109.075	31
109.106	31
109.137	31
109.169	32
109.2	31
109.231	31
109.263	32
109.295	32
109.326	31
109.358	32
109.391	33
109.422	31
109.452	30
109.484	32
109.516	32
109.547	31
109.579	31
109.61	31
109.653	43
109.685	32
109.718	33
109.75	32
109.781	31
109.812	31
109.844	32
109.875	31
109.906	31
109.938	31
109.969	31
110.0	31
110.031	31
110.063	32
110.095	32
110.128	33
110.16	32
110.192	32
110.223	31
110.263	39
110.295	31
110.327	32
110.359	32
110.39	31
110.422	32
110.454	32
110.487	33
110.518	31
110.549	31
110.58	31
110.612	32
110.645	33
110.677	32
110.709	32
110.742	33
110.774	32
110.806	32
110.837	31
110.868	31
110.9	32
110.933	33
110.964	31
110.998	34
111.031	32
111.063	31
111.095	32
111.126	31
111.158	32
111.189	31
111.22	31
111.255	35
111.286	31
111.318	32
111.349	31
111.38	31
111.411	31
111.443	32
111.473	30
111.505	32
111.537	32
111.595	58
111.627	32
111.659	32
111.691	32
111.722	31
111.754	32
111.785	31
111.818	33
111.85	32
111.881	31
111.913	32
111.945	32
111.977	32
112.007	30
112.039	31
112.073	34
112.104	31
112.136	31
112.168	32
112.206	38
112.24	34
112.272	32
112.303	31
112.335	32
112.366	31
112.406	40
112.437	31
112.468	31
112.5	31
112.532	32
112.566	34
112.599	33
112.631	32
112.662	31
112.693	31
112.724	30
112.757	33
112.789	32
112.821	32
112.853	32
112.885	32
112.917	32
112.948	31
112.98	32
113.011	31
113.042	31
113.074	32
113.106	32
113.138	32
113.17	32
113.202	32
113.233	31
113.264	31
113.296	32
113.327	31
113.358	31
113.395	36
113.426	31
113.458	32
113.494	36
113.525	31
113.556	31
113.59	34
113.62	30
113.652	32
113.683	31
113.715	31
113.747	32
113.778	31
113.809	31
113.84	31
113.872	32
113.904	32
113.935	31
113.968	33
114.0	32
114.032	32
114.063	31
114.095	32
114.133	38
114.165	32
114.216	51
114.25	34
114.281	31
114.313	32
114.344	31
114.391	47
114.423	32
114.457	34
114.489	32
114.521	32
114.552	31
114.59	38
114.622	31
114.653	31
114.69	37
114.722	31
114.773	51
114.832	59
114.864	32
114.896	32
114.928	32
114.959	31
114.993	34
115.024	31
115.056	31
115.088	32
115.118	30
115.152	34
115.185	33
115.217	32
115.248	31
115.28	32
115.311	31
115.342	31
115.373	31
115.413	40
115.444	30
115.476	31
115.507	31
115.539	31
115.57	31
115.602	31
115.634	32
115.672	31
115.704	32
115.735	31
115.766	31
115.799	33
115.831	31
115.862	31
115.894	32
115.926	32
115.969	43
116.001	32
116.042	41
116.074	32
116.114	40
116.147	33
116.178	31
116.21	31
116.241	31
116.272	31
116.304	32
116.336	32
116.368	32
116.399	31
116.435	32
116.466	31
116.498	32
116.529	31
116.561	32
116.592	31
116.624	32
116.658	34
116.694	36
116.726	31
116.757	31
116.793	36
116.824	31
116.856	32
116.9	44
116.938	36
116.971	32
117.002	31
117.034	32
117.067	33
117.1	33
117.132	32
117.164	32
117.195	31
117.226	31
117.257	31
117.291	34
117.336	45
117.368	32
117.399	31
117.43	31
117.461	31
117.493	32
117.525	32
117.557	32
117.588	31
117.62	31
117.652	32
117.685	33
117.724	39
117.764	40
117.796	32
117.835	39
117.878	43
117.921	43
117.967	46
118.002	35
118.037	34
118.07	33
118.101	31
118.133	31
118.164	31
118.198	34
118.231	33
118.262	31
118.293	31
118.324	31
118.356	32
118.387	31
118.418	31
118.449	31
118.48	31
118.512	32
118.544	32
118.576	32
118.614	38
118.646	32
118.679	33
118.71	31
118.742	32
118.773	31
118.804	31
118.839	35
118.873	34
118.904	31
118.936	32
118.968	32
118.999	31
119.03	31
119.061	31
119.092	31
119.124	32
119.155	31
119.186	31
119.219	33
119.253	34
119.284	30
119.316	32
119.347	31
119.379	31
119.411	32
119.442	31
119.473	31
119.507	34
119.538	31
119.569	31
119.6	31
119.633	33
119.665	32
119.697	32
119.73	33
119.763	33
119.793	30
119.825	32
119.856	31
119.895	39
119.927	32
119.959	32
119.991	32
120.023	32
120.054	31
120.085	31
120.117	32
120.15	33
120.181	31
120.215	33
120.247	32
120.279	32
120.311	32
120.342	31
120.377	35
120.408	31
120.439	30
120.472	32
120.503	31
120.535	32
120.566	31
120.598	32
120.629	31
120.66	31
120.691	31
120.724	33
120.758	34
120.79	32
120.821	31
120.852	31
120.885	32
120.917	32
120.948	31
120.983	35
121.014	31
121.046	32
121.078	32
121.109	31
121.14	31
121.197	57
121.229	32
121.26	31
121.294	34
121.326	32
121.358	32
121.392	34
121.423	31
121.455	32
121.487	31
121.519	32
121.55	31
121.581	31
121.612	31
121.644	32
121.676	32
121.708	32
121.74	32
121.771	31
121.802	31
121.833	31
121.865	32
121.896	31
121.928	31
121.96	32
121.992	32
122.023	31
122.057	34
122.088	31
122.12	31
122.151	31
122.182	31
122.215	32
122.246	31
122.277	31
122.309	32
122.34	31
122.372	32
122.403	31
122.442	38
122.473	31
122.505	31
122.537	32
122.57	33
122.601	31
122.633	32
122.664	31
122.697	33
122.728	31
122.76	32
122.792	32
122.825	33
122.856	31
122.888	32
122.919	31
122.951	32
122.982	31
123.013	31
123.045	31
123.082	37
123.114	31
123.145	31
123.176	30
123.21	33
123.241	31
123.273	32
123.304	31
123.338	34
123.37	32
123.402	32
123.433	31
123.464	31
123.496	32
123.527	31
123.558	31
123.589	31
123.622	33
123.654	32
123.684	30
123.722	38
123.754	32
123.787	33
123.818	31
123.85	31
123.882	32
123.914	32
123.945	31
123.976	31
124.007	31
124.039	32
124.07	31
124.102	31
124.135	33
124.166	31
124.198	32
124.229	31
124.26	31
124.292	32
124.324	32
124.363	39
124.394	31
124.433	31
124.465	32
124.496	31
124.528	31
124.571	43
124.604	33
124.635	31
124.673	38
124.705	31
124.738	33
124.771	32
124.803	32
124.835	31
124.867	32
124.907	40
124.938	31
124.969	31
125.003	34
125.034	31
125.065	31
125.096	31
125.128	32
125.161	33
125.193	32
125.224	31
125.255	31
125.287	32
125.319	32
125.35	31
125.381	31
125.413	32
125.444	31
125.476	31
125.516	40
125.551	35
125.587	35
125.62	33
125.655	35
125.687	32
125.718	31
125.75	31
125.781	31
125.812	31
125.844	32
125.877	33
125.908	31
125.939	30
125.971	32
126.003	32
126.047	44
126.083	36
126.114	31
126.146	31
126.178	32
126.21	32
126.241	31
126.296	55
126.327	31
126.359	32
126.391	32
126.422	31
126.453	31
126.485	32
126.517	32
126.548	31
126.579	31
126.61	31
126.641	31
126.673	32
126.705	32
126.735	30
126.769	34
126.8	31
126.832	32
126.864	31
126.896	32
126.935	39
126.967	32
126.998	31
127.03	32
127.062	32
127.093	31
127.126	32
127.158	31
127.189	31
127.22	31
127.251	31
127.284	33
127.315	31
127.347	32
127.378	31
127.409	31
127.443	34
127.474	31
127.505	31
127.537	31
127.576	38
127.608	32
127.639	31
127.67	31
127.701	31
127.732	31
127.764	31
127.796	31
127.828	32
127.86	32
127.891	31
127.924	33
127.956	32
127.987	31
128.018	31
128.05	32
128.081	31
128.112	31
128.143	31
128.174	31
128.216	42
128.247	31
128.278	30
128.31	32
128.342	32
128.373	31
128.408	35
128.44	32
128.471	31
128.502	31
128.533	31
128.564	31
128.596	31
128.628	32
128.662	34
128.694	31
128.726	32
128.756	30
128.787	31
128.819	31
128.855	36
128.887	31
128.919	32
128.95	31
128.983	33
129.014	31
129.045	31
129.076	30
129.108	31
129.14	32
129.171	31
129.205	34
129.237	32
129.269	32
129.301	32
129.332	31
129.363	31
129.394	31
129.427	33
129.461	34
129.495	34
129.527	32
129.558	31
129.589	31
129.62	31
129.652	32
129.687	35
129.718	31
129.755	37
129.789	34
129.821	31
129.854	32
129.885	31
129.917	32
129.949	32
129.98	31
130.011	31
130.043	32
130.077	34
130.108	31
130.14	32
130.172	32
130.203	31
130.235	32
130.266	31
130.298	32
130.332	34
130.364	32
130.396	31
130.428	32
130.46	32
130.491	31
130.522	31
130.555	33
130.589	34
130.62	31
130.652	32
130.683	31
130.715	32
130.747	32
130.799	52
130.831	31
130.865	34
130.915	50
130.947	31
130.979	31
131.01	31
131.042	32
131.074	32
131.106	32
131.14	34
131.174	34
131.205	31
131.236	31
131.27	34
131.303	33
131.337	34
131.368	31
131.417	49
131.449	32
131.48	31
131.511	31
131.542	31
131.573	31
131.605	32
131.637	32
131.669	32
131.701	32
131.736	35
131.77	34
131.801	31
131.833	32
131.871	38
131.903	32
131.934	31
131.966	32
131.997	31
132.028	31
132.06	31
132.094	33
132.126	32
132.157	31
132.189	32
132.221	32
132.253	32
132.284	31
132.331	47
132.362	31
132.393	31
132.424	31
132.455	31
132.487	31
132.519	32
132.551	32
132.585	34
132.617	32
132.648	31
132.696	47
132.728	32
132.759	31
132.791	32
132.823	32
132.855	32
132.886	31
132.918	32
132.95	32
132.981	31
133.013	32
133.047	34
133.079	32
133.11	31
133.141	31
133.173	32
133.204	31
133.239	35
133.272	33
133.303	31
133.336	32
133.368	31
133.399	31
133.431	31
133.462	31
133.493	31
133.525	32
133.558	33
133.59	32
133.621	31
133.652	31
133.683	31
133.715	32
133.747	32
133.778	31
133.81	32
133.841	31
133.874	33
133.905	31
133.937	32
133.981	44
134.012	31
134.05	37
134.082	32
134.113	31
134.144	31
134.176	32
134.207	31
134.239	32
134.272	33
134.304	32
134.336	32
134.368	32
134.406	37
134.437	31
134.469	32
134.501	32
134.533	32
134.564	31
134.604	40
134.635	31
134.666	31
134.698	32
134.73	32
134.762	32
134.793	31
134.824	31
134.857	32
134.892	35
134.924	32
134.955	31
134.986	31
135.018	31
135.052	34
135.083	31
135.115	32
135.146	31
135.177	31
135.21	33
135.265	55
135.297	32
135.342	45
135.377	35
135.412	35
135.459	47
135.506	47
135.573	67
135.616	43
135.671	55
135.704	32
135.761	57
135.794	32
135.824	30
135.856	31
135.898	42
135.929	31
135.96	31
135.991	31
136.023	32
136.055	32
136.086	31
136.119	33
136.15	31
136.181	31
136.212	31
136.244	32
136.275	31
136.307	31
136.347	40
136.388	41
136.428	40
136.467	39
136.507	40
136.558	51
136.597	39
136.637	40
136.677	40
136.717	40
136.759	42
136.797	38
136.837	40
136.877	40
136.917	40
136.957	40
136.997	40
137.037	40
137.077	40
137.117	40
137.157	40
137.197	40
137.237	40
137.277	40
137.317	40
137.348	31
137.38	32
137.412	32
137.444	32
137.475	31
137.507	32
137.539	31
137.572	33
137.604	32
137.636	32
137.667	31
137.699	32
137.73	31
137.761	31
137.792	31
137.823	31
137.855	32
137.888	33
137.919	31
137.95	31
137.981	31
138.013	32
138.044	31
138.076	32
138.107	31
138.139	32
138.17	31
138.202	32
138.234	32
138.266	32
138.298	32
138.329	31
138.36	31
138.414	54
138.458	43
138.49	32
138.525	35
138.557	32
138.589	32
138.62	31
138.652	32
138.683	31
138.714	31
138.746	32
138.779	33
138.811	32
138.842	31
138.875	33
138.906	31
138.937	31
138.968	31
138.999	31
139.031	32
139.063	32
139.098	35
139.129	31
139.161	32
139.192	31
139.223	31
139.255	32
139.287	32
139.319	32
139.352	33
139.384	32
139.417	33
139.449	32
139.48	31
139.511	31
139.543	32
139.575	32
139.607	32
139.638	31
139.669	31
139.701	32
139.737	36
139.769	32
139.8	31
139.831	31
139.864	33
139.896	32
139.928	32
139.96	32
139.991	31
140.022	31
140.055	31
140.086	31
140.118	32
140.15	32
140.184	34
140.216	32
140.247	31
140.28	33
140.311	31
140.346	35
140.391	45
140.423	32
140.454	31
140.486	32
140.517	31
140.55	33
140.582	32
140.613	31
140.645	32
140.677	32
140.708	31
140.74	32
140.771	31
140.803	32
140.835	32
140.867	32
140.899	32
140.931	32
140.963	32
141.005	42
141.036	31
141.068	32
141.1	31
141.132	32
141.165	33
141.196	31
141.227	31
141.259	32
141.29	31
141.321	31
141.353	31
141.384	31
141.415	31
141.448	33
141.479	31
141.512	33
141.553	41
141.584	31
141.617	33
141.657	40
141.688	31
141.72	32
141.752	32
141.783	31
141.814	31
141.846	31
141.877	31
141.908	31
141.94	32
141.971	31
142.005	33
142.037	31
142.068	31
142.099	31
142.131	32
142.168	37
142.199	31
142.232	33
142.264	32
142.298	34
142.329	31
142.362	32
142.394	32
142.425	31
142.456	31
142.488	32
142.52	32
142.551	31
142.583	32
142.613	30
142.645	31
142.677	32
142.707	30
142.739	32
142.772	32
142.806	34
142.838	32
142.868	30
142.899	31
142.938	39
142.972	34
143.009	37
143.043	34
143.075	32
143.106	31
143.138	32
143.169	31
143.2	31
143.235	35
143.266	31
143.298	32
143.33	32
143.361	31
143.393	32
143.425	32
143.456	31
143.489	33
143.521	32
143.56	39
143.595	35
143.627	32
143.658	31
143.689	31
143.722	32
143.754	32
143.785	31
143.818	33
143.85	32
143.881	31
143.912	31
143.944	32
143.976	32
144.007	31
144.039	31
144.072	33
144.105	33
144.136	31
144.168	32
144.218	50
144.25	32
144.282	32
144.313	31
144.345	32
144.376	31
144.407	31
144.439	32
144.473	34
144.504	31
144.536	32
144.568	32
144.613	45
144.648	35
144.679	31
144.711	32
144.742	31
144.774	32
144.806	32
144.846	40
144.877	31
144.909	32
144.94	31
144.971	31
145.002	31
145.035	32
145.066	31
145.099	33
145.132	33
145.163	31
145.194	31
145.225	31
145.257	32
145.289	32
145.321	32
145.355	34
145.387	32
145.417	30
145.448	30
145.497	48
145.529	31
145.562	33
145.594	32
145.651	57
145.714	63
145.773	59
145.834	61
145.876	42
145.928	52
145.99	62
146.05	59
146.092	41
146.126	34
146.158	32
146.189	31
146.221	32
146.253	32
146.285	32
146.316	31
146.357	41
146.397	40
146.437	40
146.477	40
146.517	40
146.557	40
146.597	40
146.637	40
146.677	40
146.717	40
146.757	40
146.797	40
146.837	40
146.877	40
146.917	40
146.957	40
146.997	40
147.037	40
147.077	40
147.117	40
147.157	40
147.197	40
147.252	55
147.287	34
147.317	30
147.35	32
147.386	36
147.421	35
147.454	33
147.486	32
147.521	35
147.552	31
147.585	33
147.617	32
147.65	33
147.683	33
147.716	33
147.749	33
147.803	53
147.84	37
147.871	31
147.903	32
147.935	32
147.966	31
148.0	34
148.034	33
148.066	32
148.097	31
148.129	32
148.169	40
148.201	32
148.24	39
148.271	31
148.304	33
148.335	31
148.367	32
148.398	31
148.429	31
148.46	31
148.492	31
148.524	32
148.555	31
148.586	31
148.618	32
148.659	41
148.705	46
148.747	42
148.778	31
148.811	33
148.881	70
148.934	53
148.992	58
149.11	118
149.297	187
149.498	201
149.797	299
149.837	40
149.877	40
149.917	40
149.957	40
150.007	50
150.05	43
150.087	37
150.127	40
150.167	40
150.207	40
150.247	40
150.287	40
150.319	32
150.355	36
150.388	33
150.421	33
150.455	34
150.486	31
150.518	32
150.549	31
150.58	31
150.619	39
150.65	31
150.681	31
150.713	32
150.743	30
150.776	33
150.808	32
150.839	31
150.871	31
150.902	31
150.936	34
150.967	31
150.998	31
151.03	32
151.061	31
151.093	32
151.124	31
151.155	31
151.188	33
151.222	34
151.258	36
151.29	31
151.324	34
151.356	32
151.388	32
151.419	31
151.451	32
151.483	32
151.514	31
151.545	31
151.577	32
151.61	33
151.641	31
151.672	31
151.704	32
151.736	32
151.767	31
151.799	32
151.831	32
151.861	30
151.898	37
151.93	31
151.962	32
151.995	33
152.026	31
152.058	31
152.09	32
152.122	32
152.154	32
152.186	32
152.219	33
152.25	31
152.281	31
152.312	31
152.343	31
152.375	32
152.407	32
152.438	31
152.473	35
152.507	32
152.539	32
152.57	31
152.602	32
152.635	33
152.667	32
152.698	31
152.73	32
152.761	31
152.793	32
152.824	31
152.856	32
152.887	31
152.919	31
152.95	31
152.981	31
153.014	33
153.045	31
153.077	32
153.108	31
153.14	31
153.179	39
153.211	32
153.243	32
153.274	31
153.306	32
153.337	31
153.368	31
153.399	31
153.431	32
153.463	32
153.496	33
153.527	31
153.558	31
153.589	31
153.621	32
153.653	32
153.684	31
153.716	32
153.747	31
153.778	31
153.824	46
153.855	31
153.887	32
153.92	32
153.951	31
153.982	31
154.014	32
154.045	31
154.076	31
154.111	35
154.143	32
154.174	31
154.205	31
154.237	31
154.268	31
154.299	30
154.33	30
154.366	35
154.397	31
154.428	31
154.459	30
154.49	30
154.521	31
154.553	31
154.584	31
154.616	32
154.647	31
154.678	31
154.709	31
154.741	31
154.772	31
154.805	33
154.837	32
154.868	31
154.898	30
154.93	32
154.961	31
154.993	32
155.024	31
155.055	31
155.099	44
155.131	32
155.163	31
155.195	32
155.226	31
155.257	31
155.288	31
155.32	32
155.351	31
155.383	32
155.416	33
155.447	31
155.479	31
155.511	32
155.543	32
155.575	32
155.607	32
155.639	32
155.67	31
155.702	32
155.739	37
155.77	31
155.802	31
155.833	31
155.864	31
155.895	31
155.927	31
155.959	31
155.99	31
156.028	38
156.06	31
156.092	32
156.123	31
156.158	34
156.19	31
156.221	31
156.253	32
156.284	31
156.316	32
156.347	31
156.38	33
156.414	34
156.447	33
156.479	31
156.51	31
156.542	32
156.574	32
156.605	31
156.636	31
156.667	31
156.701	33
156.732	31
156.764	32
156.795	31
156.826	31
156.857	31
156.889	32
156.92	31
156.952	32
156.989	37
157.028	39
157.06	31
157.092	32
157.123	31
157.155	32
157.186	31
157.219	33
157.25	31
157.281	31
157.313	32
157.368	55
157.399	31
157.431	31
157.462	31
157.494	32
157.526	32
157.558	32
157.589	31
157.622	33
157.659	37
157.692	33
157.725	33
157.756	31
157.787	30
157.819	32
157.85	31
157.882	32
157.913	31
157.944	31
157.976	32
158.008	31
158.039	31
158.071	32
158.104	33
158.136	32
158.168	32
158.199	31
158.231	32
158.263	32
158.299	36
158.331	32
158.363	32
158.394	31
158.426	32
158.458	32
158.504	46
158.565	61
158.619	54
158.653	34
158.685	31
158.718	33
158.751	33
158.783	32
158.814	31
158.846	32
158.878	32
158.911	33
158.943	32
158.974	31
159.006	32
159.038	32
159.069	31
159.1	31
159.131	31
159.162	31
159.194	32
159.226	32
159.258	32
159.29	32
159.327	37
159.367	40
159.407	40
159.447	39
159.487	40
159.527	39
159.607	80
159.647	40
159.687	39
159.727	40
159.767	39
159.807	40
159.847	39
159.888	40
159.927	39
159.967	40
160.007	40
160.05	42
160.087	37
160.127	39
160.167	39
160.218	51
160.257	39
160.297	40
160.33	32
160.361	31
160.392	31
160.425	33
160.456	31
160.492	36
160.524	32
160.555	31
160.587	32
160.618	31
160.65	32
160.681	31
160.715	34
160.746	31
160.779	33
160.81	31
160.847	37
160.879	32
160.91	31
160.941	31
160.972	30
161.004	31
161.035	31
161.066	31
161.098	31
161.13	31
161.162	32
161.193	31
161.227	34
161.259	32
161.29	31
161.322	32
161.354	32
161.386	32
161.416	30
161.449	33
161.488	39
161.521	33
161.552	31
161.586	34
161.617	31
161.649	32
161.68	31
161.711	31
161.742	31
161.775	33
161.806	31
161.837	31
161.868	31
161.9	32
161.931	31
161.962	30
161.995	32
162.027	32
162.059	32
162.09	31
162.128	38
162.159	31
162.19	31
162.222	32
162.253	31
162.285	32
162.317	32
162.348	31
162.379	31
162.411	32
162.442	31
162.473	30
162.505	31
162.538	33
162.569	31
162.6	31
162.632	31
162.664	32
162.695	31
162.729	34
162.799	70
162.838	39
162.869	31
162.9	31
162.932	32
162.964	32
162.998	34
163.029	31
163.06	31
163.091	31
163.122	31
163.154	32
163.186	32
163.217	31
163.248	31
163.279	31
163.311	32
163.342	31
163.374	32
163.409	35
163.441	32
163.472	31
163.503	31
163.534	31
163.566	32
163.598	32
163.631	33
163.665	34
163.697	32
163.729	32
163.765	36
163.805	40
163.838	33
163.87	32
163.902	32
163.934	32
163.965	31
163.996	31
164.028	32
164.06	32
164.094	34
164.126	32
164.157	31
164.189	32
164.227	38
164.277	50
164.309	32
164.341	32
164.372	31
164.403	31
164.433	30
164.465	32
164.497	31
164.529	32
164.56	31
164.591	31
164.629	38
164.66	31
164.701	40
164.732	31
164.766	34
164.801	35
164.845	44
164.877	32
164.909	32
164.941	32
164.973	32
165.005	32
165.036	31
165.067	31
165.099	32
165.13	31
165.162	32
165.194	32
165.225	31
165.257	31
165.288	31
165.329	41
165.36	31
165.391	31
165.424	33
165.459	35
165.49	31
165.522	32
165.554	32
165.585	31
165.618	33
165.649	31
165.682	33
165.712	30
165.743	31
165.774	31
165.81	36
165.841	31
165.875	34
165.906	31
165.94	34
165.98	40
166.012	32
166.044	31
166.076	32
166.107	31
166.138	31
166.172	34
166.203	31
166.234	31
166.267	33
166.301	34
166.333	32
166.366	33
166.398	32
166.43	32
166.461	31
166.492	31
166.524	32
166.555	31
166.587	32
166.621	34
166.653	32
166.685	32
166.716	31
166.748	32
166.779	31
166.811	32
166.842	31
166.874	32
166.906	32
166.939	33
166.97	31
167.001	30
167.033	31
167.065	32
167.096	31
167.128	32
167.178	50
167.233	55
167.288	55
167.348	60
167.388	40
167.428	40
167.468	40
167.508	40
167.548	40
167.588	40
167.628	40
167.668	40
167.708	40
167.748	40
167.79	42
167.828	38
167.868	40
167.908	40
167.948	40
167.988	40
168.028	40
168.067	39
168.107	39
168.148	40
168.19	42
168.228	38
168.268	40
168.308	40
168.339	31
168.371	32
168.401	30
168.435	34
168.469	34
168.517	48
168.578	61
168.639	61
168.697	58
168.731	34
168.763	32
168.794	31
168.826	32
168.856	30
168.887	31
168.919	31
168.95	31
168.982	31
169.014	32
169.046	32
169.077	31
169.112	35
169.143	31
169.211	68
169.245	34
169.277	32
169.309	32
169.348	39
169.388	40
169.428	40
169.468	40
169.508	40
169.548	40
169.588	40
169.628	40
169.668	40
169.708	40
169.748	40
169.788	40
169.838	50
169.88	42
169.918	38
169.958	40
169.998	40
170.038	40
170.078	40
170.118	40
170.158	40
170.198	40
170.238	40
170.278	40
170.318	40
170.35	32
170.381	31
170.413	32
170.445	32
170.476	31
170.507	31
170.539	32
170.57	31
170.602	32
170.634	32
170.666	32
170.697	31
170.729	32
170.761	32
170.792	31
170.824	32
170.856	32
170.887	31
170.919	31
170.95	31
170.982	32
171.013	31
171.045	32
171.078	33
171.11	32
171.142	31
171.174	32
171.205	31
171.236	31
171.268	31
171.3	32
171.331	31
171.363	32
171.395	32
171.426	31
171.458	31
171.489	31
171.52	31
171.552	32
171.584	32
171.616	31
171.649	33
171.681	32
171.712	31
171.752	40
171.783	31
171.814	30
171.845	31
171.877	31
171.908	31
171.94	32
171.971	31
172.003	32
172.034	31
172.066	31
172.101	35
172.133	32
172.165	32
172.196	31
172.228	32
172.259	31
172.291	32
172.322	31
172.354	32
172.389	35
172.421	31
172.453	32
172.483	30
172.515	32
172.547	32
172.578	31
172.61	32
172.642	32
172.676	34
172.707	31
172.739	31
172.771	32
172.803	32
172.834	31
172.865	31
172.897	31
172.932	35
172.964	32
172.995	31
173.031	36
173.063	32
173.095	32
173.126	31
173.157	31
173.189	32
173.22	31
173.252	32
173.284	32
173.315	31
173.346	31
173.378	32
173.409	31
173.445	36
173.495	49
173.527	32
173.558	31
173.59	32
173.622	32
173.658	36
173.69	32
173.721	31
173.753	31
173.786	32
173.817	31
173.848	31
173.881	33
173.915	34
173.946	31
173.978	32
174.009	31
174.04	31
174.072	32
174.104	32
174.135	31
174.167	32
174.199	32
174.232	33
174.263	31
174.311	48
174.344	33
174.375	31
174.407	32
174.438	31
174.47	32
174.501	31
174.533	32
174.564	31
174.596	32
174.63	34
174.662	31
174.693	31
174.727	34
174.758	31
174.789	31
174.82	31
174.852	32
174.884	32
174.916	32
174.951	35
174.982	31
175.013	31
175.044	31
175.076	31
175.108	32
175.14	32
175.171	31
175.202	30
175.235	32
175.266	31
175.297	31
175.329	32
175.361	31
175.393	32
175.424	31
175.456	32
175.487	31
175.519	32
175.55	31
175.593	43
175.625	32
175.656	31
175.688	32
175.72	32
175.752	32
175.784	32
175.815	31
175.846	31
175.879	33
175.912	33
175.944	32
175.975	31
176.007	32
176.039	32
176.069	30
176.101	31
176.132	31
176.164	32
176.195	31
176.231	36
176.263	32
176.294	31
176.326	31
176.357	31
176.388	31
176.42	32
176.452	32
176.485	33
176.516	31
176.548	32
176.579	31
176.611	31
176.642	31
176.674	31
176.705	31
176.738	33
176.77	32
176.801	31
176.832	31
176.872	40
176.903	31
176.935	32
176.966	31
176.997	31
177.029	32
177.061	32
177.092	31
177.124	31
177.155	31
177.187	32
177.218	31
177.25	32
177.282	32
177.313	31
177.344	31
177.375	31
177.406	31
177.438	31
177.469	31
177.511	42
177.541	30
177.573	31
177.604	31
177.636	32
177.68	44
177.738	58
177.793	54
177.851	58
177.889	38
177.922	33
177.953	31
177.984	31
178.015	31
178.047	31
178.078	31
178.109	31
178.153	44
178.184	31
178.217	32
178.248	31
178.28	31
178.312	32
178.348	36
178.388	40
178.429	41
178.468	39
178.508	40
178.548	40
178.588	40
178.628	40
178.668	40
178.708	40
178.748	40
178.818	70
178.858	40
178.898	40
178.938	40
178.978	40
179.019	41
179.058	39
179.098	40
179.139	41
179.178	39
179.218	40
179.259	41
179.298	39
179.331	32
179.362	31
179.394	32
179.431	37
179.464	33
179.495	31
179.527	32
179.559	31
179.591	32
179.622	31
179.654	32
179.685	31
179.716	31
179.748	32
179.78	32
179.81	30
179.843	33
179.874	31
179.906	32
179.937	31
179.969	32
180.001	32
180.033	32
180.071	38
180.103	32
180.134	31
180.165	31
180.196	31
180.228	31
180.259	31
180.291	32
180.322	31
180.354	31
180.385	31
180.417	32
180.448	31
180.479	31
180.511	32
180.542	31
180.573	31
180.604	31
180.636	32
180.667	31
180.699	32
180.735	36
180.766	31
180.798	31
180.83	32
180.86	30
180.892	32
180.923	31
180.954	31
180.986	32
181.017	31
181.05	32
181.081	31
181.113	32
181.145	32
181.18	35
181.211	31
181.243	31
181.274	31
181.307	33
181.339	32
181.371	32
181.402	31
181.434	32
181.466	32
181.497	31
181.529	32
181.56	31
181.591	31
181.622	31
181.654	32
181.687	33
181.718	31
181.75	32
181.783	33
181.816	33
181.846	30
181.877	30
181.911	33
181.943	32
181.979	36
182.011	32
182.045	34
182.077	32
182.109	32
182.143	34
182.175	32
182.205	30
182.236	31
182.268	31
182.302	34
182.333	31
182.364	31
182.398	34
182.429	31
182.46	31
182.491	31
182.523	32
182.554	31
182.586	32
182.619	33
182.651	32
182.682	31
182.714	32
182.745	31
182.776	31
182.809	33
182.84	31
182.874	34
182.906	32
182.937	31
182.968	31
182.999	31
183.03	31
183.063	33
183.095	32
183.128	33
183.159	31
183.19	31
183.222	32
183.26	38
183.292	32
183.327	35
183.359	32
183.395	36
183.426	31
183.457	31
183.489	32
183.521	32
183.554	32
183.585	31
183.616	31
183.648	32
183.679	31
183.711	32
183.743	32
183.774	31
183.807	33
183.838	31
183.869	31
183.912	43
183.944	32
183.975	31
184.007	32
184.038	31
184.069	31
184.102	33
184.133	31
184.165	32
184.196	31
184.228	32
184.259	31
184.292	33
184.324	32
184.356	32
184.387	31
184.419	32
184.452	33
184.483	31
184.515	31
184.555	40
184.586	31
184.618	32
184.649	31
184.681	32
184.713	32
184.745	32
184.775	30
184.811	35
184.842	31
184.873	31
184.904	31
184.936	32
184.967	31
185.009	42
185.04	31
185.072	32
185.104	32
185.138	34
185.18	42
185.211	31
185.243	32
185.275	32
185.307	32
185.339	32
185.37	31
185.403	33
185.434	31
185.465	31
185.497	32
185.529	32
185.56	31
185.592	32
185.623	30
185.655	32
185.686	31
185.718	32
185.75	32
185.783	32
185.82	37
185.852	32
185.885	33
185.917	32
185.948	31
185.979	31
186.011	32
186.042	31
186.073	31
186.105	32
186.137	32
186.168	31
186.199	31
186.23	31
186.262	32
186.296	34
186.329	33
186.36	31
186.392	32
186.423	31
186.46	37
186.491	31
186.522	31
186.554	32
186.585	31
186.617	32
186.648	31
186.68	32
186.727	47
186.784	57
186.843	59
186.898	55
186.934	36
186.974	40
187.005	31
187.037	32
187.068	31
187.1	31
187.135	35
187.166	31
187.197	31
187.229	32
187.262	33
187.295	33
187.328	33
187.368	40
187.408	40
187.448	40
187.488	40
187.528	40
187.568	40
187.608	40
187.648	40
187.688	40
187.728	40
187.768	40
187.808	40
187.851	43
187.888	37
187.928	40
187.968	40
188.008	40
188.048	40
188.088	40
188.128	40
188.168	40
188.21	42
188.248	38
188.288	40
188.322	34
188.354	32
188.415	61
188.446	31
188.477	31
188.508	31
188.54	31
188.572	32
188.603	31
188.635	32
188.666	31
188.698	32
188.729	31
188.76	31
188.792	32
188.824	32
188.855	31
188.887	31
188.918	31
188.95	32
188.981	31
189.02	39
189.051	31
189.082	31
189.114	32
189.146	32
189.177	31
189.209	32
189.241	32
189.272	31
189.304	32
189.337	33
189.37	33
189.412	42
189.443	31
189.474	31
189.505	31
189.537	31
189.57	33
189.601	31
189.633	32
189.674	41
189.706	32
189.738	32
189.769	31
189.801	32
189.832	31
189.864	31
189.896	32
189.93	34
189.962	32
189.993	31
190.024	31
190.055	31
190.087	32
190.119	32
190.15	31
190.181	31
190.216	35
190.247	31
190.278	31
190.313	34
190.345	31
190.376	31
190.408	32
190.443	35
190.475	32
190.507	32
190.546	39
190.576	30
190.609	32
190.642	33
190.673	31
190.704	31
190.735	31
190.768	32
190.801	33
190.833	32
190.865	32
190.897	32
190.929	32
190.961	32
190.992	31
191.025	33
191.057	32
191.088	31
191.12	32
191.152	32
191.183	31
191.215	32
191.247	32
191.28	33
191.313	33
191.344	31
191.376	31
191.409	33
191.44	31
191.471	31
191.502	31
191.534	31
191.569	35
191.6	31
191.632	32
191.664	32
191.695	31
191.727	32
191.759	32
191.791	32
191.825	33
191.856	31
191.887	31
191.919	32
191.951	32
191.981	30
192.013	32
192.045	32
192.078	33
192.111	33
192.142	31
192.174	31
192.206	32
192.238	32
192.269	31
192.3	31
192.332	31
192.364	32
192.397	33
192.429	32
192.461	32
192.492	31
192.523	31
192.555	32
192.589	34
192.62	31
192.651	31
192.683	32
192.714	31
192.746	32
192.778	32
192.81	32
192.841	31
192.873	32
192.904	31
192.936	32
192.967	31
192.998	31
193.029	31
193.061	32
193.092	31
193.126	33
193.166	40
193.213	46
193.267	54
193.317	50
193.368	51
193.428	60
193.468	40
193.518	50
193.558	40
193.598	40
193.638	39
193.678	39
193.718	39
193.758	40
193.8	42
193.84	40
193.878	38
193.918	39
193.958	39
193.998	39
194.038	39
194.078	40
194.118	39
194.158	40
194.2	42
194.238	38
194.278	40
194.318	40
194.35	32
194.383	33
194.414	31
194.446	32
194.477	31
194.508	31
194.539	31
194.571	32
194.603	32
194.634	31
194.665	31
194.696	31
194.728	32
194.758	30
194.795	37
194.826	31
194.857	31
194.889	32
194.921	32
194.952	31
194.984	32
195.016	32
195.051	35
195.083	32
195.114	31
195.145	31
195.177	32
195.209	32
195.24	31
195.272	32
195.305	33
195.336	31
195.368	32
195.399	31
195.433	34
195.464	31
195.495	31
195.527	32
195.559	32
195.591	32
195.623	32
195.654	31
195.686	32
195.717	31
195.749	32
195.78	31
195.815	35
195.848	33
195.88	32
195.912	32
195.942	30
195.973	31
196.005	32
196.036	30
196.074	38
196.105	31
196.137	32
196.182	45
196.241	59
196.294	53
196.356	62
196.4	44
196.438	38
196.479	41
196.518	39
196.558	39
196.599	41
196.638	39
196.678	40
196.727	48
196.763	36
196.799	36
196.838	39
196.878	40
196.918	40
196.958	39
196.999	40
197.038	39
197.078	40
197.119	41
197.159	40
197.199	40
197.239	40
197.279	40
197.319	40
197.354	35
197.393	38
197.426	33
197.458	31
197.489	31
197.52	31
197.552	32
197.585	33
197.616	31
197.647	31
197.682	35
197.714	32
197.747	33
197.785	38
197.82	35
197.852	32
197.883	31
197.919	36
197.95	31
198.014	64
198.046	32
198.076	30
198.109	32
198.141	32
198.174	33
198.206	32
198.238	32
198.269	31
198.3	31
198.332	32
198.363	31
198.395	32
198.43	35
198.461	31
198.492	30
198.523	31
198.554	31
198.585	31
198.622	37
198.653	31
198.685	32
198.717	32
198.748	31
198.78	32
198.821	40
198.853	32
198.884	31
198.916	32
198.947	31
198.979	32
199.013	34
199.045	32
199.077	32
199.108	31
199.14	32
199.171	31
199.202	31
199.234	32
199.274	40
199.306	32
199.338	32
199.369	31
199.403	34
199.434	31
199.467	33
199.499	32
199.53	31
199.562	32
199.593	31
199.628	35
199.659	31
199.691	31
199.723	31
199.756	33
199.788	32
199.819	31
199.85	31
199.881	31
199.915	34
199.946	31
199.977	31
200.009	32
200.04	31
200.071	31
200.102	31
200.134	32
200.17	36
200.201	31
200.232	31
200.264	32
200.296	32
200.327	31
200.358	31
200.391	33
200.424	33
200.456	32
200.488	32
200.52	32
200.555	35
200.587	32
200.618	31
200.651	33
200.682	31
200.713	31
200.752	39
200.789	37
200.82	31
200.869	49
200.9	31
200.933	33
200.964	31
200.995	31
201.026	31
201.061	35
201.092	31
201.123	31
201.155	32
201.194	39
201.225	31
201.257	31
201.296	39
201.327	31
201.359	32
201.39	31
201.422	32
201.454	32
201.485	31
201.516	31
201.547	31
201.578	31
201.61	32
201.642	32
201.676	34
201.707	31
201.738	31
201.77	32
201.801	31
201.834	33
201.866	31
201.898	32
201.932	33
201.965	33
201.996	31
202.027	31
202.059	32
202.09	31
202.121	30
202.153	32
202.187	34
202.219	31
202.25	31
202.282	31
202.313	31
202.345	32
202.376	31
202.408	32
202.441	33
202.475	34
202.507	32
202.538	31
202.57	32
202.601	31
202.632	31
202.664	32
202.7	36
202.732	32
202.763	31
202.794	31
202.826	32
202.857	31
202.888	31
202.92	32
202.951	31
202.981	30
203.012	31
203.043	31
203.075	32
203.114	39
203.146	32
203.177	31
203.212	35
203.243	31
203.275	32
203.307	32
203.354	47
203.394	40
203.426	32
203.457	31
203.488	31
203.519	31
203.551	32
203.583	32
203.614	31
203.646	32
203.678	31
203.709	31
203.742	33
203.775	32
203.807	32
203.838	31
203.87	32
203.903	33
203.934	31
203.965	31
203.997	32
204.032	35
204.064	31
204.096	32
204.127	31
204.159	32
204.191	32
204.222	31
204.253	31
204.285	32
204.318	33
204.349	31
204.384	35
204.419	35
204.45	31
204.481	31
204.513	31
204.547	34
204.578	31
204.609	31
204.641	32
204.677	36
204.708	31
204.741	33
204.772	31
204.804	32
204.835	31
204.867	31
204.899	32
204.931	32
204.962	31
204.994	32
205.035	41
205.067	32
205.099	32
205.131	31
205.182	51
205.239	57
205.299	60
205.356	57
205.399	42
205.439	40
205.479	40
205.519	40
205.559	40
205.599	40
205.639	40
205.679	40
205.719	40
205.759	40
205.799	40
205.839	40
205.88	41
205.919	38
205.959	40
205.999	40
206.039	40
206.079	40
206.119	40
206.159	40
206.199	40
206.239	40
206.279	40
206.319	40
206.357	38
206.396	39
206.427	31
206.458	31
206.491	33
206.522	31
206.554	32
206.591	37
206.632	41
206.664	32
206.695	31
206.727	32
206.759	32
206.789	30
206.82	31
206.851	31
206.883	32
206.914	31
206.957	43
206.988	31
207.02	31
207.052	32
207.084	32
207.116	32
207.147	31
207.179	32
207.21	31
207.242	32
207.273	31
207.308	35
207.341	33
207.372	31
207.404	32
207.435	31
207.466	31
207.497	31
207.529	32
207.562	32
207.638	76
207.674	36
207.706	32
207.737	31
207.769	32
207.8	31
207.832	32
207.864	32
207.896	32
207.927	31
207.959	32
207.99	31
208.021	31
208.058	37
208.093	35
208.127	34
208.16	33
208.192	32
208.223	31
208.255	32
208.286	31
208.317	31
208.348	31
208.381	32
208.414	33
208.446	32
208.478	32
208.509	31
208.54	31
208.572	32
208.603	31
208.635	32
208.667	32
208.698	31
208.73	32
208.761	31
208.793	32
208.825	32
208.864	39
208.895	31
208.926	31
208.957	30
208.988	31
209.02	32
209.051	31
209.083	32
209.114	31
209.145	31
209.177	32
209.208	31
209.24	32
209.271	31
209.302	31
209.334	32
209.365	31
209.397	32
209.429	32
209.459	30
209.503	44
209.535	31
209.567	32
209.606	39
209.638	31
209.67	32
209.703	33
209.735	31
209.767	32
209.799	32
209.83	31
209.862	32
209.893	31
209.925	32
209.957	31
209.991	34
210.021	30
210.053	32
210.084	31
210.115	31
210.155	40
210.186	31
210.218	32
210.249	31
210.281	32
210.312	31
210.344	32
210.376	32
210.407	31
210.438	31
210.47	31
210.501	31
210.534	32
210.565	31
210.596	31
210.627	31
210.659	31
210.69	31
210.722	32
210.753	31
210.796	43
210.827	31
210.859	32
210.891	32
210.923	32
210.954	31
210.985	31
211.016	31
211.048	31
211.08	32
211.112	32
211.144	32
211.176	32
211.209	33
211.24	31
211.271	31
211.304	33
211.335	31
211.366	31
211.397	31
211.436	39
211.468	32
211.499	31
211.531	31
211.562	31
211.593	31
211.625	32
211.658	33
211.689	31
211.721	32
211.753	31
211.784	31
211.815	31
211.847	31
211.879	32
211.911	32
211.943	32
211.974	31
212.005	31
212.037	32
212.076	39
212.108	32
212.139	31
212.17	31
212.202	32
212.234	32
212.265	31
212.296	31
212.327	31
212.358	31
212.393	34
212.43	37
212.461	31
212.493	32
212.524	31
212.556	32
212.587	31
212.618	31
212.65	31
212.682	32
212.716	34
212.747	31
212.778	31
212.81	32
212.841	31
212.872	31
212.904	32
212.935	31
212.968	33
212.999	31
213.032	33
213.063	31
213.094	31
213.125	31
213.158	33
213.189	31
213.22	31
213.252	32
213.283	31
213.315	32
213.357	42
213.39	33
213.421	31
213.453	32
213.484	31
213.515	31
213.547	32
213.579	32
213.611	32
213.641	30
213.672	31
213.703	31
213.734	31
213.765	31
213.797	32
213.828	31
213.861	32
213.895	33
213.926	31
213.958	31
213.997	39
214.029	32
214.061	32
214.093	32
214.125	32
214.156	31
214.188	32
214.219	31
214.25	31
214.281	31
214.312	31
214.344	32
214.377	33
214.409	32
214.44	31
214.471	30
214.503	32
214.535	32
214.566	31
214.598	32
214.636	38
214.669	33
214.7	31
214.732	32
214.763	31
214.795	32
214.826	31
214.858	32
214.89	32
214.924	34
214.956	32
214.988	32
215.021	33
215.052	31
215.083	31
215.114	31
215.146	32
215.177	31
215.209	32
215.24	31
215.276	36
215.307	31
215.338	31
215.369	31
215.41	41
215.466	55
215.522	55
215.576	54
215.613	37
215.651	38
215.683	32
215.715	32
215.746	31
215.778	32
215.809	31
215.841	32
215.873	32
215.905	32
215.936	31
215.967	31
215.999	32
216.03	31
216.062	32
216.094	32
216.126	32
216.157	31
216.188	31
216.22	32
216.251	31
216.283	32
216.315	32
216.349	34
216.389	40
216.431	42
216.469	38
216.509	40
216.549	40
216.589	40
216.629	40
216.669	40
216.709	40
216.749	40
216.79	41
216.85	60
216.91	60
216.976	66
217.031	55
217.069	38
217.109	40
217.149	40
217.229	80
217.269	40
217.309	40
217.349	40
217.389	40
217.429	40
217.469	40
217.509	40
217.55	41
217.589	39
217.629	40
217.669	40
217.709	40
217.749	40
217.789	40
217.829	40
217.869	40
217.909	40
217.949	40
217.989	40
218.029	40
218.07	41
218.109	39
218.149	40
218.189	40
218.229	40
218.269	40
218.309	40
218.341	32
218.372	31
218.413	41
218.465	52
218.496	31
218.528	31
218.559	31
218.591	31
218.622	31
218.655	32
218.686	31
218.717	31
218.748	31
218.78	32
218.811	31
218.843	32
218.874	31
218.905	31
218.936	31
218.968	32
219.0	32
219.031	31
219.062	31
219.094	32
219.125	31
219.156	31
219.189	33
219.221	32
219.252	31
219.283	31
219.314	31
219.346	32
219.377	31
219.409	32
219.44	31
219.472	31
219.503	31
219.535	32
219.566	31
219.598	32
219.63	32
219.662	32
219.694	32
219.725	31
219.758	33
219.789	31
219.82	31
219.852	31
219.884	32
219.916	32
219.947	31
219.977	30
220.008	31
220.041	32
220.072	31
220.103	31
220.135	32
220.167	32
220.198	31
220.23	31
220.262	32
220.293	31
220.325	32
220.356	31
220.398	42
220.429	31
220.462	32
220.496	34
220.527	31
220.559	32
220.59	31
220.622	32
220.654	32
220.686	32
220.717	31
220.749	31
220.781	31
220.813	32
220.844	31
220.876	31
220.908	32
220.939	31
220.971	32
221.003	31
221.044	41
221.075	30
221.107	32
221.138	30
221.169	30
221.201	31
221.235	34
221.268	33
221.299	31
221.331	32
221.366	35
221.397	31
221.429	32
221.46	31
221.491	31
221.523	31
221.555	32
221.587	32
221.619	32
221.651	32
221.684	33
221.716	31
221.748	32
221.78	32
221.811	31
221.843	32
221.874	31
221.905	31
221.937	31
221.968	31
221.999	31
222.031	32
222.063	32
222.095	32
222.129	33
222.161	32
222.192	31
222.224	32
222.255	31
222.29	35
222.321	31
222.354	33
222.385	31
222.417	32
222.449	32
222.48	31
222.512	32
222.544	32
222.576	32
222.607	31
222.639	32
222.671	32
222.702	31
222.733	31
222.764	31
222.795	31
222.827	32
222.859	32
222.891	32
222.922	31
222.958	36
222.989	31
223.02	31
223.052	32
223.082	30
223.114	32
223.146	32
223.179	33
223.211	32
223.243	32
223.274	31
223.305	31
223.337	32
223.369	32
223.401	32
223.432	31
223.464	32
223.497	33
223.529	32
223.561	32
223.599	38
223.63	31
223.661	31
223.693	32
223.727	34
223.759	32
223.79	31
223.821	31
223.852	31
223.884	32
223.916	32
223.948	32
223.979	31
224.011	31
224.043	32
224.075	32
224.109	34
224.152	43
224.184	32
224.226	42
224.258	32
224.29	32
224.321	31
224.366	45
224.397	31
224.428	31
224.46	32
224.491	31
224.523	32
224.554	31
224.588	33
224.619	31
224.65	31
224.697	47
228.702	4005
228.742	32
228.776	34
228.813	37
228.844	31
228.876	31
228.908	32
228.939	31
228.97	31
229.002	31
229.033	31
229.065	32
229.097	32
229.129	32
229.16	31
229.192	31
229.223	31
229.255	32
229.285	30
229.317	31
229.359	41
229.39	31
229.423	32
229.454	31
229.486	32
229.517	31
229.551	34
229.582	31
229.613	31
229.648	35
229.682	34
229.713	31
229.745	31
229.777	32
229.808	31
229.839	31
229.872	33
229.903	31
229.934	31
229.966	32
229.999	33
230.031	31
230.063	32
230.094	31
230.125	31
230.157	32
230.188	31
230.221	32
230.252	31
230.283	31
230.315	31
230.349	34
230.38	31
230.411	31
230.443	32
230.475	32
230.507	32
230.538	31
230.569	31
230.6	31
230.639	39
230.67	31
230.702	32
230.733	31
230.764	31
230.796	32
230.831	35
230.865	34
230.897	32
230.928	31
230.959	31
230.993	34
231.024	31
231.056	31
231.088	32
231.12	32
231.151	31
231.182	31
231.213	31
231.246	32
231.279	33
231.311	32
231.343	32
231.375	32
231.406	31
231.437	31
231.468	31
231.499	31
231.534	35
231.565	31
231.597	32
231.629	32
231.661	32
231.692	31
231.724	31
231.756	32
231.788	32
231.819	31
231.851	32
231.883	32
231.921	38
231.953	32
231.987	34
232.018	31
232.049	31
232.081	32
232.113	32
232.144	31
232.176	32
232.208	32
232.24	32
232.272	31
232.303	31
232.335	31
232.367	32
232.399	32
232.43	31
232.461	31
232.492	31
232.523	31
232.559	36
232.59	31
232.622	32
232.653	31
232.684	31
232.716	31
232.747	31
232.778	31
232.809	31
232.84	31
232.872	32
232.903	31
232.935	32
232.967	32
232.998	31
233.03	32
233.062	32
233.093	31
233.124	31
233.156	32
233.188	32
233.219	31
233.251	32
233.283	32
233.314	31
233.345	31
233.376	31
233.407	31
233.439	32
233.471	32
233.502	31
233.534	32
233.565	31
233.596	31
233.627	31
233.659	32
233.692	33
233.724	32
233.759	35
233.791	32
233.83	39
233.861	31
233.893	32
233.925	32
233.956	31
233.988	31
234.019	31
234.051	32
234.084	33
234.115	31
234.147	32
234.178	31
234.209	31
234.24	31
234.272	32
234.303	31
234.335	31
234.367	32
234.402	35
234.434	31
234.469	35
234.501	32
234.533	32
234.564	31
234.596	32
234.628	32
234.66	31
234.691	31
234.723	32
234.755	32
234.785	30
234.817	32
234.849	32
234.88	31
234.92	40
234.978	58
235.04	62
235.097	57
235.143	44
235.174	31
235.206	32
235.237	31
235.269	32
235.3	31
235.331	31
235.371	40
235.411	40
235.451	40
235.491	40
235.531	40
235.571	40
235.611	40
235.652	41
235.691	39
235.731	40
235.771	40
235.811	40
235.851	40
235.891	40
235.931	40
235.971	40
236.017	46
236.051	33
236.093	42
236.132	39
236.171	39
236.211	40
236.251	40
236.291	40
236.331	40
236.362	31
236.424	62
236.455	31
236.486	31
236.517	31
236.549	32
236.581	32
236.612	31
236.644	32
236.675	31
236.707	32
236.739	32
236.77	31
236.802	32
236.833	31
236.864	31
236.895	31
236.926	31
236.957	31
236.989	32
237.027	38
237.058	31
237.09	32
237.121	31
237.152	31
237.183	31
237.214	31
237.246	32
237.277	31
237.308	31
237.342	34
237.373	31
237.404	31
237.435	31
237.466	31
237.497	31
237.529	32
237.56	31
237.592	32
237.622	30
237.655	32
237.686	31
237.721	35
237.753	32
237.784	31
237.815	31
237.846	31
237.877	31
237.909	32
237.941	32
237.973	32
238.003	30
238.035	31
238.07	35
238.101	31
238.132	31
238.163	31
238.195	31
238.227	32
238.257	30
238.289	31
238.32	31
238.352	32
238.385	33
238.433	48
238.505	72
238.537	31
238.573	36
238.605	32
238.637	32
238.669	32
238.7	31
238.731	31
238.762	30
238.795	32
238.826	31
238.858	32
238.89	32
238.921	31
238.961	40
238.992	31
239.023	31
239.054	31
239.085	31
239.117	32
239.148	31
239.18	32
239.212	32
239.243	31
239.275	32
239.306	31
239.338	32
239.38	42
239.412	32
239.443	31
239.474	31
239.505	31
239.536	31
239.567	31
239.6	33
239.631	31
239.664	33
239.697	33
239.728	31
239.761	32
239.792	31
239.824	32
239.855	31
239.886	31
239.918	31
239.949	31
239.981	32
240.013	32
