1	403
9	298
-4	525
2	377
4	376
-13	227
0	420
-4	537
-3	298
9	210
-1	290
11	220
-5	326
-2	446
0	384
1	185
0	341
-4	460
-12	593
22	737
22	636
-47	356
34	578
-19	971
-4	914
16	1018
-2	814
-2	453
-1	441
2	367
6	594
-15	421
0	493
11	690
-4	664
-7	378
-1	474
-7	578
11	496
-5	432
9	451
2	218
-4	416
0	412
-7	417
16	502
0	621
-8	423
-3	524
-3	565
1	643
0	531
4	263
-3	233
0	224
3	337
4	344
-1	415
3	473
-4	584
0	439
-2	344
0	303
2	349
0	324
3	315
-2	376
-7	298
5	516
0	378
-3	365
0	252
-6	220
7	351
5	345
-9	295
0	369
-1	401
8	203
0	288
0	145
-1	152
-11	290
20	257
-13	241
6	177
-10	299
9	341
0	384
-6	361
8	273
3	381
-15	409
5	516
-1	528
4	420
3	218
-3	265
0	361
2	401
-2	306
-7	764
-2	793
11	934
-2	815
5	449
-8	325
-5	415
12	513
1	457
-5	260
-1	302
10	553
-3	551
0	541
5	654
2	564
18	483
-18	485
-14	376
5	285
-4	317
-3	441
8	425
3	515
0	359
-6	560
-7	705
7	541
-4	348
1	341
3	223
0	179
0	293
-4	346
8	348
3	315
0	284
-3	296
-5	253
4	452
0	332
0	373
-3	505
6	600
-11	214
11	465
-1	393
-11	646
9	321
-7	573
-6	644
21	603
-14	486
2	311
1	179
-1	317
-3	371
8	428
1	286
-4	204
0	276
-7	280
3	251
2	156
1	113
-1	94
1	112
-1	130
-3	173
2	253
-1	302
0	390
2	256
-1	216
6	322
-7	441
-2	560
7	484
-4	489
-5	387
6	431
10	398
-17	441
14	299
-15	243
4	432
1	411
11	503
-11	563
-1	399
0	576
-7	436
16	532
-12	627
8	330
-9	524
14	478
-12	548
-4	673
8	468
14	399
-9	374
-12	339
11	279
-3	246
1	303
8	256
-4	310
1	307
-3	325
-12	213
2	235
21	260
-12	252
0	247
0	256
14	231
-26	217
8	215
2	239
11	233
-14	217
7	214
-2	212
13	196
-18	198
7	245
-4	215
5	302
-19	264
11	169
1	162
5	196
-20	250
12	303
-3	278
10	246
-12	199
5	218
1	159
-1	173
2	162
-4	184
-1	172
7	225
-2	174
0	202
2	203
-8	220
6	183
0	157
1	192
-7	203
7	205
0	167
-3	210
1	188
0	213
-3	192
5	197
-2	184
2	181
3	173
0	240
-4	174
6	151
-6	175
-6	186
0	172
7	170
4	232
-1	275
-5	183
0	146
2	169
-17	300
-2	310
30	327
-9	253
0	319
-4	229
-2	293
-2	199
2	186
0	222
9	262
-1	274
6	201
-9	221
4	143
-6	246
2	186
-1	160
-7	251
4	232
-5	165
9	182
0	197
7	191
-5	209
0	193
-3	179
-1	167
-1	174
-3	187
2	217
6	235
-5	220
3	275
0	263
5	209
-10	256
3	231
1	241
-4	184
4	288
-5	291
0	364
7	239
-6	293
5	186
2	179
0	172
-4	210
2	284
-1	196
0	207
1	313
-9	294
4	260
-6	201
0	165
6	243
3	302
-1	358
4	351
-4	202
-1	141
2	176
-26	265
18	349
2	259
-3	263
18	260
-11	279
3	378
-6	298
-1	320
-7	300
15	319
-2	270
-2	190
12	373
-7	471
-2	340
5	199
-13	212
15	260
-9	297
-1	212
5	165
-8	178
7	239
-3	299
-5	362
8	437
-2	220
3	194
-5	217
-6	295
7	295
5	294
-2	402
5	344
-10	303
2	297
0	271
-3	361
3	252
1	292
0	204
4	206
-6	247
0	186
3	227
-3	256
2	399
-4	366
-5	334
7	337
6	262
-3	384
-8	318
10	337
-3	439
2	359
-2	292
0	195
0	138
-3	167
-2	152
2	177
0	225
15	272
0	243
2	175
-23	171
0	147
-10	145
10	183
7	198
-11	178
5	155
4	112
-4	96
5	88
5	70
-9	66
8	72
-6	78
5	84
0	78
-3	62
0	45
0	40
-2	36
3	51
0	117
0	161
-2	148
-8	236
7	321
3	330
0	275
-4	483
0	392
-10	594
25	808
-7	752
15	641
-34	1183
22	568
-5	450
-14	693
3	994
12	695
-46	1405
72	1415
-72	1401
93	1933
-68	1562
-10	1048
22	1260
0	891
7	688
35	809
-77	1394
25	1076
47	1224
-65	1349
47	1131
-32	1181
28	822
10	763
-38	751
8	932
0	1038
-24	1072
64	957
-21	1048
-10	1125
-23	859
37	1073
1	1272
-22	1073
3	707
13	567
5	1249
-26	879
10	686
9	855
-19	897
29	1189
16	1358
-35	1228
45	1199
-38	1428
8	889
6	975
-18	1340
15	1317
0	868
0	935
-23	725
-9	1153
-16	1549
18	1238
28	939
-13	860
-12	751
-11	622
-4	1191
10	1311
15	749
6	703
-19	641
1	560
26	876
-16	912
36	1085
6	1252
-23	939
-22	644
-25	815
37	836
-15	818
12	861
-10	806
-2	503
18	588
-14	919
-15	612
9	699
-13	870
27	745
5	629
-23	719
-1	777
-1	643
2	788
-6	942
14	861
3	699
15	580
-16	681
23	869
-11	765
-9	536
3	694
-10	839
-30	971
37	1172
-18	893
15	560
17	719
-45	841
40	701
19	896
-58	1095
46	988
-24	817
2	659
29	780
-37	753
3	640
31	481
-33	545
23	538
-21	550
1	634
2	728
8	762
-14	466
20	746
-9	474
9	553
-31	727
33	757
-26	509
20	449
8	659
-23	806
13	729
-10	590
10	454
9	474
4	817
-24	966
15	527
4	834
3	1038
-32	677
33	690
-16	844
-1	592
35	746
-63	1040
44	942
6	796
-39	1070
31	647
0	655
-3	1361
0	1250
-20	942
47	1112
-31	1108
11	704
11	616
-42	1295
35	1137
-26	1033
21	967
-13	804
32	749
-49	1255
21	692
-23	753
23	997
-1	686
-8	719
3	980
4	1010
1	882
-14	1674
21	1204
13	665
-34	1176
8	982
-12	883
30	767
4	1390
-14	792
-31	947
82	1593
-58	1288
-2	618
2	611
27	707
-24	676
13	608
-17	991
2	986
13	1138
-11	828
18	608
0	637
-6	517
-21	568
18	739
1	801
3	643
9	967
-4	758
-10	439
-1	530
-9	388
6	491
-4	556
3	774
-2	582
3	646
19	723
-16	476
19	530
-28	508
-2	565
20	700
5	756
-23	673
-9	1041
23	787
-2	538
-3	347
9	331
-22	438
22	674
12	566
-23	437
9	345
-12	412
9	354
-15	588
2	679
19	502
-24	368
27	442
-19	370
18	414
-5	482
-17	417
28	388
-17	469
-1	429
5	395
0	433
4	489
-10	478
0	408
38	710
-49	1209
9	664
33	637
-51	1081
33	783
2	695
-25	686
16	654
-16	666
13	658
18	1245
-20	826
5	768
-1	805
-23	585
22	1052
-11	772
4	799
12	1006
-15	714
23	774
-59	1108
78	1351
-44	1055
33	1088
-31	672
-11	730
41	1070
-12	827
-6	1075
9	844
-47	732
35	977
9	746
-8	788
-19	839
15	684
4	886
9	755
-9	616
-32	613
9	568
8	678
41	819
-61	1018
31	1023
2	825
-3	637
9	1007
-5	1457
5	1026
-14	753
-8	678
20	615
-16	884
11	473
-4	798
-3	557
7	512
5	397
7	873
-13	956
3	649
1	1336
0	1390
-8	1181
1	698
4	864
-5	1137
14	1707
0	1690
-13	1419
0	885
-3	550
0	466
4	652
-3	627
2	694
10	768
-12	612
11	555
-7	677
0	520
13	506
-7	637
0	400
-8	405
0	395
-3	586
11	617
-12	645
-5	621
14	454
-14	466
7	714
-2	871
12	657
0	634
1	529
0	364
-8	325
-1	530
5	471
-6	487
0	428
5	485
4	448
10	484
-29	554
10	546
6	621
-20	473
16	591
6	965
-12	570
21	762
0	772
-10	602
-1	598
5	742
-8	576
9	586
-12	601
24	452
-16	576
-14	496
23	403
-29	523
13	649
-22	500
18	702
4	813
6	640
-23	747
25	607
-6	618
6	656
-11	615
-8	481
8	650
-11	800
24	650
-7	631
38	645
-39	759
-3	645
-1	956
24	579
-9	925
-11	745
3	589
-2	817
16	850
9	898
-15	520
-14	1505
5	781
-19	1330
-7	1483
25	1424
48	990
-32	1198
-33	1053
-21	1629
45	1183
19	631
16	1368
-23	1775
-12	1032
4	1230
-17	1571
-3	1364
24	994
-23	1677
-10	856
59	1112
-61	1212
30	963
-5	853
-28	1513
33	1037
4	969
-10	1180
15	1328
-34	1448
13	1130
-4	1203
25	775
-27	725
34	1303
-22	1293
2	1007
-2	1190
32	1221
-73	1633
45	1251
18	903
5	723
-42	947
3	793
5	909
3	879
19	1054
-15	700
14	932
-27	899
-5	788
21	819
-13	1078
19	908
-7	713
-14	406
9	496
14	669
-20	728
15	552
-15	604
19	521
-20	581
15	548
-16	524
9	576
-8	475
-3	501
16	859
-10	967
7	758
-10	496
16	610
-26	806
27	834
-24	652
24	738
-13	809
-7	1117
21	1125
-17	636
13	628
-12	686
5	487
27	858
-29	1113
-24	1283
30	897
-14	611
31	900
-42	814
43	1438
-11	1303
-12	604
2	730
-15	677
37	860
-41	692
23	802
2	816
-7	999
1	905
-9	961
33	833
-44	804
4	693
26	903
1	677
3	701
-13	640
-6	607
30	568
-32	1203
8	836
24	777
-3	1434
-3	893
-36	673
-4	1036
-3	1215
31	1009
-13	1636
-19	1516
11	860
3	1498
5	1026
-30	1003
0	1598
7	1243
63	1134
-1	2115
-18	1787
-51	928
14	1198
16	739
45	1299
-9	1607
-42	1190
23	890
-27	1286
21	819
13	682
1	1439
-19	1090
0	867
-26	893
42	1102
-16	1050
-12	1065
35	1105
-30	797
7	1055
