0.035	32
0.068	31
0.099	31
0.133	34
0.164	31
0.195	31
0.226	31
0.259	33
0.29	31
0.322	32
0.354	32
0.385	31
0.416	31
0.447	31
0.478	31
0.51	31
0.542	32
0.574	31
0.605	31
0.637	32
0.668	31
0.7	32
0.732	32
0.764	32
0.795	31
0.826	31
0.858	32
0.89	32
0.922	32
0.954	32
0.992	38
1.023	31
1.055	31
1.087	31
1.119	32
1.151	32
1.182	31
1.213	30
1.244	31
1.276	31
1.308	32
1.34	32
1.37	30
1.402	31
1.434	31
1.466	31
1.497	31
1.529	31
1.561	32
1.594	32
1.659	65
1.691	32
1.722	31
1.754	32
1.786	32
1.818	31
1.85	32
1.881	31
1.912	31
1.943	31
1.976	33
2.007	31
2.039	32
2.071	32
2.102	31
2.133	31
2.165	32
2.196	31
2.227	31
2.26	33
2.292	32
2.323	31
2.359	31
2.39	31
2.423	32
2.454	31
2.485	31
2.519	34
2.55	31
2.582	32
2.613	31
2.645	31
2.676	31
2.708	32
2.74	32
2.77	30
2.803	32
2.834	31
2.866	32
2.9	34
2.931	31
2.962	31
2.993	31
3.024	31
3.056	31
3.087	31
3.118	30
3.149	31
3.181	32
3.213	32
3.244	31
3.275	31
3.307	31
3.338	31
3.37	32
3.401	31
3.432	31
3.464	32
3.495	31
3.527	32
3.559	32
3.591	32
3.623	32
3.654	31
3.685	31
3.717	32
3.749	32
3.78	31
3.812	31
3.844	32
3.875	31
3.907	32
3.938	31
3.969	31
4.0	31
4.032	32
4.064	32
4.096	32
4.14	42
4.182	42
4.215	32
4.247	32
4.291	44
4.323	31
4.354	31
4.386	31
4.418	32
4.45	32
4.481	31
4.512	31
4.544	32
4.575	31
4.607	31
4.639	32
4.672	32
4.702	30
4.733	31
4.764	31
4.795	31
4.832	37
4.863	31
4.895	31
4.927	32
4.959	31
4.991	32
5.022	31
5.053	31
5.085	32
5.117	32
5.15	33
5.183	33
5.214	31
5.246	32
5.277	31
5.309	32
5.341	32
5.372	31
5.404	32
5.435	31
5.473	38
5.504	31
5.535	31
5.566	30
5.599	33
5.63	31
5.662	32
5.693	31
5.725	31
5.756	30
5.787	30
5.818	31
5.85	32
5.881	31
5.913	32
5.944	31
5.975	31
6.007	32
6.039	32
6.072	33
6.112	40
6.143	30
6.175	31
6.207	32
6.238	31
6.271	32
6.302	31
6.334	32
6.365	31
6.395	30
6.427	31
6.458	31
6.49	32
6.522	32
6.553	31
6.585	32
6.616	31
6.648	32
6.679	31
6.711	32
6.755	44
6.786	31
6.821	35
6.853	32
6.884	31
6.917	32
6.948	31
6.984	36
7.015	31
7.047	32
7.078	31
7.109	31
7.141	32
7.172	31
7.203	31
7.236	32
7.267	31
7.301	34
7.332	31
7.363	31
7.395	31
7.426	31
7.458	31
7.49	32
7.521	31
7.553	32
7.585	32
7.617	32
7.648	31
7.68	32
7.711	31
7.742	30
7.773	31
7.804	31
7.836	31
7.867	31
7.899	31
7.93	31
7.961	30
7.993	32
8.033	40
8.065	32
8.097	32
8.129	32
8.161	32
8.193	32
8.226	31
8.26	34
8.292	32
8.325	33
8.356	31
8.388	32
8.419	31
8.451	32
8.482	31
8.514	32
8.546	31
8.577	31
8.609	32
8.641	32
8.673	32
8.704	31
8.736	32
8.768	32
8.799	31
8.831	32
8.863	32
8.894	31
8.929	35
8.961	32
8.991	30
9.023	32
9.055	31
9.087	32
9.118	30
9.149	31
9.182	33
9.212	30
9.244	32
9.278	34
9.314	36
9.346	32
9.38	34
9.412	31
9.443	31
9.474	31
9.506	32
9.538	32
9.569	31
9.601	31
9.633	31
9.665	31
9.697	31
9.729	32
9.76	31
9.792	32
9.824	32
9.854	30
9.885	31
9.917	32
9.953	36
9.984	30
10.015	30
10.048	32
10.079	31
10.112	33
10.142	30
10.173	31
10.205	31
10.236	31
10.27	33
10.302	32
10.334	32
10.365	31
10.396	30
10.427	31
10.458	31
10.49	32
10.522	31
10.554	32
10.593	39
10.625	32
10.656	31
10.688	32
10.722	34
10.754	31
10.785	31
10.816	31
10.847	31
10.878	31
10.91	32
10.941	31
10.973	31
11.004	31
11.036	31
11.067	31
11.099	32
11.131	32
11.162	31
11.194	32
11.256	62
11.288	32
11.32	32
11.352	32
11.387	35
11.425	37
11.457	32
11.489	32
11.52	31
11.551	31
11.582	31
11.613	31
11.644	31
11.675	31
11.707	32
11.738	31
11.769	31
11.801	32
11.833	32
11.875	42
11.905	30
11.936	31
11.969	33
12.001	32
12.033	32
12.065	32
12.095	30
12.133	38
12.164	31
12.195	31
12.226	30
12.258	31
12.29	31
12.322	32
12.356	34
12.387	31
12.418	31
12.451	33
12.483	32
12.515	32
12.546	31
12.579	32
12.611	32
12.642	31
12.673	31
12.704	31
12.735	31
12.767	32
12.799	32
12.83	31
12.862	32
12.893	31
12.924	31
12.956	32
12.987	31
13.019	32
13.05	31
13.082	31
13.113	31
13.154	41
13.185	31
13.216	31
13.247	31
13.278	31
13.31	32
13.342	32
13.373	31
13.404	31
13.435	31
13.466	31
13.498	32
13.529	31
13.56	31
13.591	31
13.622	31
13.654	32
13.685	31
13.718	33
13.749	31
13.793	43
13.824	31
13.856	32
13.888	32
13.92	32
13.951	31
13.982	31
14.013	31
14.045	32
14.076	31
14.108	32
14.14	32
14.172	32
14.203	31
14.235	31
14.266	31
14.297	31
14.329	32
14.361	32
14.392	31
14.434	42
14.465	31
14.497	31
14.528	31
14.562	33
14.593	31
14.625	32
14.656	31
14.687	31
14.721	34
14.752	31
14.784	32
14.816	32
14.848	32
14.879	31
14.911	32
14.942	31
14.973	31
15.005	31
15.036	31
15.074	38
15.105	31
15.136	31
15.168	31
15.206	38
15.24	33
15.272	32
15.304	32
15.336	32
15.368	32
15.4	32
15.434	34
15.466	32
15.497	31
15.53	33
15.562	32
15.595	33
15.627	32
15.658	31
15.689	31
15.721	32
15.76	39
15.805	45
15.837	32
15.869	32
15.9	31
15.941	41
15.972	31
16.005	33
16.036	31
16.068	32
16.099	31
16.131	32
16.163	32
16.193	30
16.225	31
16.256	31
16.288	32
16.32	32
16.354	34
16.386	32
16.418	32
16.449	31
16.483	33
16.514	31
16.547	33
16.579	32
16.61	31
16.642	32
16.673	31
16.705	31
16.737	32
16.769	32
16.8	31
16.832	32
16.864	32
16.895	31
16.927	31
16.958	31
16.994	36
17.025	31
17.056	31
17.089	33
17.12	30
17.152	31
17.183	31
17.215	31
17.246	31
17.278	32
17.309	31
17.341	32
17.373	32
17.405	32
17.438	32
17.469	30
17.5	30
17.532	32
17.564	32
17.595	31
17.634	39
17.666	32
17.697	31
17.729	32
17.763	34
17.796	33
17.827	31
17.859	32
17.89	30
17.922	32
17.953	31
17.984	31
18.016	32
18.048	31
18.078	30
18.11	32
18.146	36
18.178	31
18.21	32
18.246	36
18.278	32
18.309	31
18.341	32
18.373	31
18.405	32
18.437	32
18.468	31
18.5	32
18.531	31
18.565	34
18.597	32
18.628	31
18.66	31
18.692	32
18.724	32
18.754	30
18.786	31
18.818	31
18.849	31
18.881	31
18.914	33
18.945	31
18.976	31
19.008	32
19.039	31
19.071	32
19.103	32
19.134	31
19.168	33
19.199	31
19.231	32
19.262	31
19.294	32
19.326	32
19.356	30
19.387	31
19.418	31
19.449	31
19.481	32
19.518	37
19.563	45
19.595	32
19.66	65
19.691	31
19.748	57
19.78	32
19.833	53
19.864	31
19.896	32
19.959	63
19.99	31
20.022	32
20.053	31
20.085	32
20.116	31
20.148	32
20.181	33
20.213	32
20.245	32
20.277	32
20.308	31
20.339	31
20.371	32
20.403	32
20.434	31
20.466	32
20.499	33
20.531	32
20.562	31
20.594	31
20.625	31
20.656	31
20.688	32
20.719	31
20.753	34
20.784	31
20.857	73
20.888	31
20.92	32
20.952	32
20.984	32
21.015	31
21.046	31
21.078	32
21.11	32
21.141	31
21.172	31
21.204	32
21.235	31
21.267	32
21.299	32
21.329	30
21.361	31
21.392	31
21.423	31
21.476	53
21.508	32
21.539	31
21.572	33
21.604	32
21.637	33
21.668	31
21.699	31
21.73	31
21.762	32
21.794	32
21.825	31
21.857	32
21.888	31
21.92	32
21.952	32
21.983	31
22.015	32
22.047	32
22.079	32
22.115	36
22.147	32
22.18	33
22.211	31
22.245	34
22.277	32
22.308	31
22.339	31
22.371	32
22.403	32
22.434	31
22.465	31
22.497	32
22.528	31
22.56	32
22.592	32
22.624	32
22.654	30
22.685	31
22.717	31
22.754	37
22.785	31
22.816	31
22.847	31
22.879	32
22.912	33
22.942	30
22.974	31
23.005	31
23.036	30
23.07	33
23.102	31
23.134	32
23.165	31
23.196	31
23.227	31
23.258	31
23.291	33
23.322	31
23.354	32
23.394	40
23.426	31
23.458	32
23.49	32
23.522	32
23.553	31
23.584	31
23.615	31
23.647	32
23.678	31
23.71	31
23.741	31
23.772	31
23.803	30
23.835	31
23.866	31
23.898	31
23.929	31
23.96	30
23.992	31
24.034	42
24.067	33
24.101	34
24.132	31
24.197	65
24.228	31
24.259	31
24.29	31
24.322	31
24.354	32
24.385	31
24.417	32
24.448	31
24.48	32
24.511	31
24.543	31
24.575	32
24.606	31
24.639	33
24.674	35
24.705	30
24.738	32
24.769	31
24.8	31
24.832	32
24.862	30
24.894	31
24.925	31
24.961	36
24.992	31
25.023	31
25.055	32
25.086	31
25.119	33
25.15	31
25.182	32
25.213	31
25.244	31
25.278	34
25.314	36
25.345	31
25.377	32
25.408	31
25.439	31
25.472	33
25.503	31
25.534	31
25.566	32
25.597	31
25.628	31
25.663	35
25.695	32
25.726	30
25.758	32
25.79	32
25.822	32
25.854	32
25.885	31
25.917	31
25.954	37
25.986	32
26.017	31
26.049	32
26.08	31
26.112	32
26.144	32
26.175	31
26.207	32
26.238	31
26.27	32
26.301	31
26.332	31
26.364	32
26.395	31
26.426	31
26.458	32
26.489	31
26.521	32
26.553	32
26.6	47
26.635	35
26.668	33
26.701	33
26.732	31
26.764	31
26.795	31
26.826	31
26.857	31
26.891	34
26.922	31
26.953	31
26.984	31
27.015	31
27.046	31
27.079	33
27.115	36
27.148	33
27.18	32
27.222	42
27.254	32
27.285	31
27.316	31
27.348	31
27.379	31
27.409	30
27.441	32
27.473	32
27.505	31
27.537	32
27.569	31
27.605	36
27.647	41
27.678	31
27.71	31
27.743	33
27.774	31
27.806	32
27.836	30
27.873	36
27.905	31
27.935	30
27.967	32
27.999	32
28.032	33
28.064	32
28.094	30
28.125	30
28.156	30
28.188	32
28.221	33
28.253	32
28.285	32
28.315	30
28.347	31
28.378	31
28.41	32
28.442	31
28.473	31
28.514	41
28.546	32
28.577	31
28.608	31
28.64	31
28.671	31
28.702	30
28.734	32
28.765	31
28.797	32
28.829	32
28.861	32
28.893	32
28.924	31
28.955	31
28.986	31
29.017	31
29.049	31
29.08	31
29.112	31
29.155	43
29.185	30
29.217	31
29.25	33
29.282	32
29.313	31
29.344	31
29.377	33
29.409	31
29.44	31
29.471	31
29.503	31
29.534	31
29.569	35
29.6	31
29.631	31
29.663	32
29.695	32
29.726	31
29.758	32
29.797	39
29.829	32
29.86	31
29.892	32
29.923	31
29.955	32
29.987	32
30.019	32
30.05	31
30.081	31
30.112	31
30.143	31
30.175	32
30.207	32
30.239	32
30.27	31
30.302	31
30.333	31
30.366	33
30.409	43
30.459	50
30.491	32
30.523	32
30.555	32
30.591	36
30.624	33
30.66	36
30.695	35
30.726	31
30.757	31
30.79	32
30.821	31
30.853	32
30.885	32
30.916	31
30.947	31
30.978	31
31.009	31
31.041	31
31.075	34
31.106	31
31.137	31
31.169	31
31.201	32
31.232	31
31.264	32
31.295	31
31.327	32
31.358	31
31.389	31
31.42	31
31.452	32
31.484	32
31.517	33
31.551	34
31.594	43
31.667	73
31.703	36
31.748	45
31.779	31
31.812	32
31.844	32
31.877	33
31.908	31
31.94	32
31.971	31
32.002	30
32.035	32
32.066	31
32.097	31
32.129	32
32.162	33
32.194	32
32.225	31
32.258	33
32.289	31
32.324	34
32.357	33
32.389	32
32.42	31
32.451	31
32.482	31
32.514	31
32.548	34
32.58	32
32.61	30
32.641	31
32.673	32
32.705	32
32.736	31
32.766	30
32.798	32
32.83	32
32.861	31
32.892	31
32.923	31
32.955	32
32.995	40
33.026	31
33.057	31
33.089	32
33.119	30
33.152	33
33.184	32
33.215	31
33.246	31
33.277	31
33.31	33
33.341	31
33.372	31
33.404	32
33.436	32
33.467	31
33.499	31
33.531	32
33.561	30
33.593	31
33.635	41
33.665	30
33.696	31
33.728	31
33.76	32
33.791	31
33.822	31
33.854	32
33.886	32
33.917	31
33.949	32
33.981	32
34.012	31
34.043	31
34.074	31
34.105	31
34.137	32
34.169	32
34.201	32
34.232	31
34.275	43
34.307	32
34.338	31
34.373	35
34.405	32
34.437	32
34.468	31
34.503	35
34.534	31
34.566	31
34.6	34
34.632	32
34.664	32
34.696	32
34.727	31
34.76	33
34.791	31
34.822	31
34.854	31
34.886	32
34.922	36
34.953	30
34.986	33
35.018	32
35.058	32
35.09	32
35.12	30
35.154	34
35.185	31
35.216	31
35.247	31
35.279	32
35.31	31
35.341	30
35.374	32
35.407	31
35.438	31
35.469	31
35.502	32
35.56	58
35.591	31
35.624	33
35.655	31
35.686	31
35.717	31
35.749	32
35.781	32
35.812	31
35.843	31
35.875	32
35.908	33
35.939	31
35.97	31
36.002	32
36.033	31
36.068	35
36.098	30
36.129	31
36.16	31
36.195	34
36.227	32
36.259	32
36.29	31
36.322	31
36.353	31
36.385	32
36.417	32
36.448	31
36.479	31
36.51	31
36.541	31
36.572	31
36.604	32
36.635	31
36.666	31
36.697	31
36.728	31
36.759	31
36.792	32
36.823	31
36.854	31
36.886	32
36.917	31
36.949	32
36.98	31
37.011	31
37.044	33
37.076	31
37.107	31
37.138	31
37.17	32
37.202	32
37.233	31
37.265	32
37.295	30
37.327	31
37.359	32
37.39	31
37.422	32
37.463	41
37.495	32
37.527	32
37.558	31
37.59	32
37.622	32
37.653	31
37.685	32
37.717	31
37.749	32
37.782	33
37.813	31
37.845	32
37.877	32
37.909	32
37.941	32
37.972	31
38.003	31
38.035	32
38.068	33
38.103	35
38.135	32
38.167	32
38.199	32
38.23	31
38.263	33
38.295	32
38.326	31
38.358	32
38.389	31
38.422	33
38.454	32
38.486	32
38.518	32
38.55	32
38.581	31
38.612	31
38.643	31
38.675	32
38.707	32
38.743	36
38.775	32
38.808	33
38.84	32
38.875	35
38.908	33
38.939	31
38.971	32
39.003	32
39.034	31
39.066	32
39.097	31
39.128	31
39.16	32
39.192	32
39.224	32
39.255	31
39.287	32
39.319	32
39.352	32
39.383	31
39.415	31
39.447	32
39.478	31
39.525	47
39.562	37
39.603	41
39.646	43
39.677	31
39.724	47
39.775	51
39.828	53
39.858	30
39.893	34
39.95	57
39.982	32
40.047	65
40.078	31
40.109	31
40.141	32
40.172	31
40.207	35
40.239	32
40.271	32
40.305	34
40.336	31
40.368	32
40.399	31
40.43	31
40.461	31
40.494	33
40.526	32
40.558	31
40.59	32
40.62	30
40.663	42
40.695	31
40.727	31
40.758	31
40.789	31
40.82	31
40.851	31
40.883	32
40.914	31
40.946	32
40.979	33
41.011	32
41.042	31
41.074	32
41.106	32
41.139	33
41.175	36
41.207	32
41.238	31
41.275	36
41.316	41
41.348	32
41.379	31
41.411	32
41.447	36
41.479	31
41.511	31
41.543	32
41.574	31
41.605	31
41.636	31
41.667	31
41.698	30
41.73	32
41.761	31
41.793	31
41.825	32
41.857	32
41.889	32
41.921	32
41.956	35
41.988	32
42.02	32
42.061	32
42.092	31
42.124	31
42.156	32
42.188	32
42.219	31
42.25	31
42.286	36
42.317	31
42.348	31
42.379	30
42.413	33
42.444	31
42.475	30
42.507	32
42.538	31
42.57	31
42.601	31
42.633	32
42.666	33
42.698	31
42.728	30
42.759	31
42.792	33
42.824	32
42.855	31
42.887	32
42.918	31
42.949	31
42.981	32
43.012	31
43.044	32
43.076	32
43.108	31
43.152	44
43.185	33
43.223	38
43.254	31
43.285	31
43.316	31
43.348	32
43.38	32
43.41	30
43.441	31
43.473	32
43.505	32
43.536	31
43.568	32
43.603	35
43.635	32
43.669	34
43.7	31
43.731	30
43.762	31
43.794	32
43.825	31
43.863	37
43.895	32
43.934	39
43.965	31
43.998	32
44.029	31
44.062	33
44.095	32
44.126	31
44.157	31
44.188	31
44.22	32
44.251	31
44.283	32
44.317	34
44.35	33
44.381	31
44.412	31
44.444	32
44.475	31
44.516	41
44.547	31
44.578	31
44.609	31
44.64	31
44.672	32
44.703	31
44.734	31
44.768	34
44.8	32
44.831	31
44.863	32
44.895	32
44.928	32
44.96	32
44.991	31
45.022	31
45.06	37
45.091	31
45.124	33
45.156	32
45.198	42
45.229	31
45.261	32
45.292	31
45.323	31
45.355	32
45.387	32
45.418	31
45.449	31
45.48	31
45.511	31
45.543	32
45.574	31
45.604	30
45.636	31
45.667	31
45.701	34
45.732	31
45.763	31
45.796	32
45.828	32
45.859	31
45.89	31
45.921	31
45.952	31
45.983	31
46.023	40
46.055	32
46.087	32
46.118	31
46.15	31
46.181	31
46.214	33
46.247	32
46.278	31
46.309	31
46.342	33
46.373	31
46.407	34
46.438	31
46.469	31
46.5	31
46.532	32
46.564	31
46.595	31
46.627	31
46.66	33
46.692	32
46.725	33
46.756	31
46.787	31
46.819	32
46.85	31
46.882	32
46.913	31
46.945	31
46.976	31
47.008	31
47.04	31
47.076	35
47.107	31
47.139	31
47.172	33
47.203	31
47.237	33
47.268	31
47.3	32
47.331	31
47.363	32
47.395	32
47.427	32
47.458	31
47.49	32
47.52	30
47.552	31
47.584	31
47.616	32
47.647	31
47.678	31
47.716	38
47.749	32
47.78	31
47.812	32
47.843	31
47.874	31
47.906	32
47.938	32
47.97	32
48.001	31
48.032	31
48.064	32
48.094	30
48.126	32
48.159	33
48.191	32
48.223	32
48.254	31
48.286	32
48.317	31
48.355	38
48.387	32
48.418	31
48.449	31
48.481	32
48.512	31
48.544	32
48.575	31
48.607	32
48.639	32
48.67	31
48.702	32
48.733	31
48.765	31
48.796	31
48.828	31
48.859	31
48.891	32
48.923	32
48.954	31
48.996	42
49.028	32
49.069	33
49.1	31
49.134	33
49.165	31
49.198	33
49.229	31
49.261	31
49.292	31
49.323	31
49.354	31
49.387	33
49.418	31
49.451	33
49.484	33
49.515	31
49.546	31
49.578	31
49.609	31
49.66	51
49.692	32
49.725	33
49.757	32
49.788	31
49.819	31
49.851	31
49.882	31
49.915	33
49.946	31
49.978	32
50.009	31
50.04	31
50.071	31
50.104	33
50.135	31
50.167	32
50.199	32
50.232	32
50.264	32
50.298	34
50.329	31
50.361	31
50.393	32
50.424	31
50.456	32
50.488	32
50.52	32
50.551	31
50.583	32
50.614	31
50.647	33
50.679	31
50.71	31
50.741	31
50.773	31
50.804	31
50.835	31
50.868	33
50.904	36
50.935	31
50.967	32
50.998	31
51.03	31
51.063	33
51.094	31
51.125	30
51.158	33
51.189	31
51.22	31
51.252	31
51.285	32
51.316	31
51.349	32
51.38	31
51.412	32
51.443	31
51.475	32
51.507	32
51.544	37
51.576	32
51.607	31
51.64	33
51.671	31
51.703	31
51.734	31
51.766	32
51.797	31
51.828	30
51.86	32
51.892	32
51.923	31
51.954	31
51.986	32
52.018	32
52.05	32
52.081	31
52.113	32
52.144	31
52.183	39
52.214	31
52.246	31
52.278	32
52.31	32
52.342	32
52.374	32
52.405	31
52.436	31
52.468	32
52.499	31
52.531	32
52.562	31
52.593	31
52.624	31
52.655	31
52.687	32
52.719	32
52.75	31
52.782	32
52.824	42
52.858	34
52.889	31
52.921	32
52.952	31
52.984	31
53.015	31
53.046	31
53.077	31
53.109	32
53.142	33
53.173	30
53.207	34
53.238	31
53.269	30
53.3	31
53.332	32
53.364	32
53.396	32
53.428	32
53.464	36
53.496	32
53.527	31
53.56	33
53.591	31
53.623	32
53.655	32
53.689	34
53.72	31
53.752	31
53.784	32
53.816	32
53.848	32
53.879	31
53.91	31
53.941	31
53.973	31
54.005	31
54.037	32
54.068	31
54.104	35
54.135	31
54.166	31
54.198	32
54.231	33
54.262	31
54.294	32
54.325	31
54.357	32
54.388	31
54.42	32
54.451	31
54.483	32
54.515	32
54.546	31
54.577	31
54.61	32
54.641	31
54.672	31
54.704	32
54.761	57
54.792	31
54.824	31
54.856	32
54.888	32
54.919	31
54.951	32
54.982	31
55.014	32
55.045	31
55.077	32
55.111	34
55.143	32
55.174	31
55.206	32
55.236	30
55.268	32
55.299	31
55.331	31
55.364	32
55.397	33
55.429	32
55.461	32
55.492	31
55.523	31
55.555	31
55.587	32
55.618	31
55.649	31
55.681	31
55.712	31
55.744	32
55.775	31
55.807	32
55.839	32
55.869	30
55.901	31
55.932	31
55.963	31
55.995	32
56.037	42
56.069	32
56.1	31
56.131	31
56.162	31
56.197	35
56.228	31
56.259	31
56.291	32
56.322	31
56.356	34
56.388	32
56.42	32
56.453	33
56.484	31
56.515	31
56.547	32
56.578	31
56.61	32
56.642	32
56.676	34
56.708	31
56.739	31
56.77	31
56.801	31
56.832	31
56.864	31
56.896	32
56.927	31
56.958	31
56.99	32
57.021	31
57.053	32
57.085	32
57.117	32
57.147	30
57.178	31
57.209	31
57.241	32
57.275	34
57.317	42
57.348	31
57.38	32
57.412	32
57.444	32
57.477	33
57.509	32
57.541	32
57.572	31
57.604	32
57.636	32
57.668	32
57.699	31
57.73	31
57.762	32
57.793	31
57.825	32
57.856	31
57.887	31
57.919	32
57.956	37
57.989	33
58.021	32
58.052	31
58.084	32
58.115	31
58.147	32
58.178	31
58.209	31
58.241	32
58.291	50
58.334	43
58.365	31
58.399	34
58.431	32
58.463	32
58.494	31
58.526	32
58.558	32
58.597	39
58.636	39
58.682	46
58.713	30
58.745	32
58.776	31
58.808	32
58.842	34
58.876	34
58.907	31
58.938	31
58.971	33
59.004	33
59.035	31
59.067	32
59.099	32
59.131	32
59.161	30
59.194	32
59.251	57
59.283	31
59.314	31
59.346	32
59.378	32
59.432	54
59.463	31
59.515	52
59.566	51
59.605	39
59.636	31
59.668	32
59.709	41
59.744	34
59.776	32
59.811	34
59.843	32
59.877	34
59.928	51
59.974	46
60.006	31
60.038	32
60.069	31
60.1	31
60.132	32
60.164	32
60.195	31
60.227	32
60.259	32
60.29	31
60.321	31
60.352	31
60.384	32
60.416	32
60.447	31
60.479	32
60.517	38
60.549	32
60.592	43
60.633	41
60.665	32
60.697	32
60.728	31
60.76	32
60.792	32
60.824	32
60.856	32
60.887	31
60.919	32
60.951	32
60.982	31
61.014	32
61.046	32
61.078	32
61.109	31
61.145	36
61.175	30
61.206	31
61.237	31
61.269	32
61.301	32
61.335	34
61.368	33
61.4	32
61.432	32
61.462	30
61.494	31
61.531	37
61.563	32
61.594	31
61.628	34
61.66	32
61.691	31
61.722	31
61.754	32
61.797	43
61.829	32
61.86	31
61.891	31
61.925	34
61.955	30
61.986	31
62.018	32
62.051	33
62.085	34
62.117	32
62.149	32
62.18	31
62.211	31
62.243	32
62.275	32
62.308	33
62.34	32
62.371	31
62.403	32
62.438	35
62.469	31
62.514	45
62.549	34
62.58	31
62.612	32
62.644	31
62.676	32
62.708	32
62.74	32
62.771	31
62.803	32
62.835	32
62.867	32
62.899	32
62.931	32
62.962	31
62.995	33
63.025	30
63.065	40
63.098	33
63.129	31
63.16	31
63.191	31
63.222	31
63.255	33
63.287	32
63.323	36
63.355	32
63.387	31
63.419	32
63.45	31
63.481	31
63.513	32
63.545	32
63.579	34
63.623	44
63.655	32
63.686	31
63.717	31
63.749	32
63.781	32
63.815	34
63.847	32
63.877	30
63.908	30
63.94	32
63.972	32
64.003	31
64.042	31
64.074	32
64.106	32
64.138	32
64.173	35
64.222	49
64.253	31
64.297	44
64.357	60
64.388	31
64.42	32
64.451	31
64.483	32
64.514	30
64.546	32
64.58	34
64.628	48
64.66	32
64.692	32
64.724	32
64.756	32
64.787	31
64.821	34
64.863	42
64.894	31
64.925	31
64.959	34
64.998	39
65.032	34
65.063	31
65.095	32
65.129	34
65.167	38
65.198	31
65.231	33
65.269	38
65.308	39
65.339	31
65.374	35
65.406	32
65.444	38
65.475	31
65.51	34
65.542	32
65.579	37
65.616	37
65.648	31
65.682	34
65.713	31
65.744	31
65.775	31
65.806	31
65.84	34
65.874	34
65.905	31
65.936	31
65.968	31
66.0	32
66.032	32
66.064	32
66.095	31
66.127	32
66.159	32
66.191	32
66.222	31
66.265	43
66.297	32
66.329	32
66.36	31
66.391	31
66.423	32
66.455	32
66.488	33
66.52	32
66.551	31
66.582	31
66.613	31
66.646	33
66.676	30
66.708	32
66.739	31
66.771	31
66.802	31
66.833	31
66.876	43
66.916	40
66.948	32
66.979	31
67.012	32
67.043	31
67.075	32
67.106	31
67.137	31
67.169	32
67.2	31
67.232	32
67.266	34
67.298	32
67.336	37
67.369	33
67.4	31
67.431	30
67.463	32
67.494	31
67.525	31
67.558	33
67.59	32
67.621	31
67.652	31
67.684	32
67.715	31
67.748	33
67.78	32
67.811	31
67.843	32
67.874	31
67.906	31
67.937	31
67.968	31
68.0	32
68.085	85
68.116	31
68.147	31
68.187	40
68.221	34
68.253	32
68.284	31
68.315	31
68.347	32
68.378	31
68.409	31
68.441	32
68.473	32
68.504	31
68.536	32
68.567	31
68.598	30
68.629	30
68.661	32
68.692	31
68.723	31
68.755	32
68.787	32
68.86	73
68.892	32
68.923	31
68.954	31
68.986	32
69.017	31
69.049	31
69.08	31
69.111	31
69.143	32
69.175	32
69.208	33
69.238	30
69.27	32
69.301	31
69.334	32
69.364	30
69.396	32
69.427	31
69.465	37
69.497	32
69.533	36
69.565	32
69.598	33
69.629	31
69.66	31
69.693	33
69.76	67
69.79	30
69.822	32
69.854	32
69.885	31
69.917	31
69.949	32
69.979	30
70.012	32
70.052	31
70.084	32
70.117	33
70.149	32
70.18	31
70.212	32
70.244	31
70.277	33
70.309	32
70.341	32
70.373	32
70.405	32
70.436	31
70.467	31
70.5	33
70.531	30
70.563	31
70.594	31
70.626	32
70.657	31
70.688	31
70.72	32
70.757	37
70.789	32
70.821	32
70.852	31
70.886	34
70.917	31
70.949	32
70.98	31
71.012	32
71.087	75
71.118	31
71.149	31
71.18	31
71.212	32
71.245	33
71.276	31
71.307	31
71.35	43
71.385	35
71.417	32
71.45	33
71.484	34
71.515	31
71.547	32
71.578	31
71.609	31
71.641	31
71.673	32
71.704	31
71.737	33
71.767	30
71.798	30
71.83	32
71.861	31
71.894	33
71.927	33
71.959	32
71.99	31
72.025	35
72.056	31
72.087	30
72.122	35
72.154	32
72.185	31
72.216	31
72.248	32
72.279	31
72.311	32
72.342	31
72.373	31
72.405	32
72.436	31
72.469	33
72.501	32
72.532	31
72.563	31
72.594	31
72.626	32
72.665	39
72.697	31
72.728	31
72.761	32
72.792	31
72.826	34
72.857	31
72.888	31
72.92	32
72.951	31
72.983	32
73.014	31
73.046	32
73.077	31
73.11	33
73.141	31
73.172	31
73.205	33
73.237	32
73.269	32
73.307	38
73.349	41
73.38	31
73.411	31
73.443	32
73.474	31
73.505	31
73.536	31
73.568	31
73.599	31
73.63	31
73.662	32
73.695	33
73.727	32
73.759	32
73.79	31
73.821	31
73.853	31
73.884	31
73.915	30
73.957	41
73.989	32
74.02	31
74.052	32
74.082	30
74.114	31
74.145	31
74.176	31
74.207	31
74.239	32
74.27	31
74.302	32
74.333	31
74.376	43
74.408	32
74.439	31
74.47	30
74.502	32
74.533	31
74.564	31
74.598	34
74.629	31
74.661	32
74.693	32
74.724	31
74.755	31
74.787	32
74.82	33
74.852	31
74.885	33
74.917	32
74.948	31
74.979	31
75.01	31
75.041	31
75.079	38
75.111	32
75.142	31
75.173	31
75.205	32
75.238	33
75.269	31
75.3	31
75.333	32
75.364	31
75.397	33
75.428	31
75.46	31
75.491	31
75.522	30
75.554	32
75.585	31
75.617	32
75.653	36
75.697	43
75.728	31
75.759	31
75.79	31
75.822	32
75.853	31
75.885	32
75.919	34
75.949	30
75.981	31
76.013	32
76.052	31
76.083	31
76.114	31
76.145	31
76.177	32
76.208	31
76.239	31
76.27	31
76.305	35
76.336	31
76.368	31
76.399	31
76.431	32
76.464	32
76.504	40
76.535	31
76.567	32
76.598	31
76.629	31
76.661	32
76.692	31
76.724	32
76.757	33
76.789	32
76.822	33
76.853	31
76.884	31
76.916	31
76.948	32
76.98	32
77.011	31
77.043	32
77.075	32
77.106	31
77.146	40
77.177	31
77.209	32
77.24	31
77.272	32
77.303	31
77.335	32
77.368	33
77.4	32
77.434	33
77.466	32
77.496	30
77.528	31
77.56	32
77.591	31
77.623	32
77.654	31
77.688	33
77.718	30
77.749	31
77.786	37
77.851	65
77.883	32
77.915	32
77.947	31
77.978	31
78.009	31
78.041	31
78.072	31
78.103	31
78.134	31
78.166	32
78.2	34
78.23	30
78.262	31
78.295	33
78.326	31
78.363	37
78.395	32
78.461	66
78.492	31
78.524	32
78.556	32
78.588	32
78.619	31
78.65	31
78.681	31
78.713	32
78.745	32
78.777	32
78.809	32
78.839	30
78.873	34
78.904	31
78.935	31
78.967	31
78.999	32
79.03	31
79.068	37
79.1	32
79.131	31
79.162	31
79.193	31
79.231	38
79.261	30
79.307	45
79.338	31
79.37	32
79.401	31
79.433	32
79.498	65
79.543	45
79.606	63
79.639	33
79.695	56
79.751	56
79.803	51
79.843	40
79.879	36
79.928	49
79.96	32
79.991	31
80.023	32
80.055	32
80.086	31
80.118	32
80.15	32
80.181	31
80.211	30
80.243	31
80.274	31
80.306	32
80.345	39
80.377	32
80.409	32
80.441	32
80.475	34
80.506	31
80.538	32
80.569	31
80.601	32
80.633	32
80.665	32
80.697	31
80.729	32
80.76	31
80.791	31
80.824	33
80.856	32
80.887	31
80.919	32
80.95	31
80.987	37
81.02	33
81.051	31
81.082	31
81.113	31
81.145	32
81.178	33
81.209	31
81.241	32
81.272	31
81.303	31
81.334	31
81.367	33
81.398	31
81.429	31
81.461	32
81.492	31
81.523	31
81.554	31
81.585	31
81.626	41
81.656	30
81.688	31
81.719	31
81.75	31
81.784	34
81.815	31
81.848	33
81.88	32
81.911	31
81.943	32
81.975	32
82.007	32
82.039	32
82.07	31
82.101	31
82.133	32
82.164	31
82.196	32
82.227	31
82.266	39
82.306	40
82.338	32
82.381	43
82.413	32
82.444	31
82.476	32
82.506	30
82.538	32
82.57	32
82.603	33
82.634	31
82.665	31
82.697	32
82.728	30
82.76	30
82.791	31
82.822	31
82.854	32
82.888	34
82.921	33
82.952	31
82.983	31
83.014	31
83.047	31
83.078	31
83.109	31
83.141	32
83.172	31
83.203	31
83.234	31
83.266	31
83.298	32
83.33	32
83.361	31
83.393	32
83.425	31
83.456	31
83.488	32
83.519	31
83.558	39
83.59	32
83.621	31
83.653	31
83.684	31
83.715	30
83.747	31
83.778	31
83.81	32
83.841	31
83.873	32
83.904	31
83.935	31
83.966	31
83.999	33
84.03	31
84.063	33
84.094	31
84.125	31
84.157	32
84.199	41
84.23	31
84.261	31
84.295	34
84.326	30
84.358	31
84.389	31
84.42	31
84.453	33
84.484	31
84.516	31
84.549	33
84.58	31
84.613	33
84.645	32
84.681	36
84.712	31
84.744	32
84.777	32
84.808	31
84.839	31
84.87	31
84.901	31
84.932	31
84.963	31
84.994	31
85.026	32
85.061	32
85.092	31
85.123	31
85.156	33
85.188	32
85.219	31
85.251	32
85.282	31
85.313	31
85.345	32
85.377	32
85.408	31
85.44	32
85.478	38
85.51	32
85.542	32
85.573	31
85.604	31
85.637	33
85.669	32
85.7	31
85.732	32
85.764	32
85.795	31
85.826	31
85.86	33
85.891	30
85.922	31
85.953	31
85.984	31
86.016	32
86.047	31
86.079	32
86.118	39
86.15	31
86.181	31
86.212	31
86.243	31
86.275	31
86.307	32
86.339	32
86.37	31
86.402	32
86.435	33
86.467	32
86.499	32
86.531	32
86.561	30
86.593	32
86.625	32
86.656	31
86.686	30
86.718	32
86.758	40
86.79	31
86.821	31
86.856	35
86.887	31
86.919	31
86.951	32
86.983	32
87.014	31
87.046	31
87.077	31
87.109	32
87.141	32
87.173	32
87.203	30
87.235	31
87.265	30
87.297	32
87.329	32
87.36	31
87.398	38
87.43	32
87.461	31
87.492	31
87.524	31
87.555	31
87.587	31
87.621	34
87.652	31
87.685	33
87.717	32
87.748	31
87.779	31
87.81	31
87.841	31
87.872	31
87.905	33
87.936	31
87.968	31
87.999	31
88.061	62
88.092	31
88.126	34
88.157	31
88.188	31
88.22	32
88.252	31
88.284	32
88.315	31
88.347	32
88.378	31
88.409	31
88.441	32
88.472	31
88.504	32
88.535	31
88.568	32
88.599	31
88.631	32
88.679	48
88.71	31
88.742	32
88.774	32
88.806	32
88.838	32
88.869	31
88.905	35
88.936	31
88.968	32
88.999	31
89.032	33
89.063	31
89.095	32
89.127	32
89.157	30
89.189	31
89.221	32
89.252	31
89.284	32
89.318	34
89.35	32
89.381	31
89.416	35
89.448	32
89.478	30
89.509	31
89.54	31
89.571	31
89.603	31
89.634	31
89.665	31
89.696	31
89.728	32
89.76	32
89.794	34
89.826	32
89.858	32
89.889	31
89.92	31
89.958	38
89.989	31
90.02	31
90.054	32
90.086	32
90.118	31
90.15	31
90.181	30
90.213	32
90.245	32
90.276	31
90.308	32
90.34	32
90.372	32
90.404	32
90.436	32
90.467	31
90.499	32
90.531	32
90.562	31
90.598	36
90.629	31
90.66	31
90.718	58
90.75	32
90.781	31
90.813	32
90.844	31
90.886	42
90.917	31
90.952	35
90.984	32
91.015	31
91.055	31
91.087	32
91.118	31
91.15	32
91.182	32
91.213	31
91.244	31
91.275	31
91.307	32
91.339	32
91.371	32
91.403	31
91.434	31
91.466	32
91.497	31
91.529	32
91.564	35
91.619	55
91.65	31
91.687	37
91.72	33
91.751	31
91.783	32
91.814	31
91.844	30
91.879	35
91.909	30
91.94	31
91.972	32
92.003	31
92.035	31
92.066	31
92.097	31
92.128	31
92.16	32
92.192	32
92.224	32
92.256	32
92.287	31
92.318	31
92.349	31
92.38	31
92.412	32
92.443	31
92.474	31
92.506	32
92.537	31
92.578	41
92.627	49
92.658	31
92.692	34
92.723	31
92.755	32
92.787	32
92.818	31
92.85	32
92.882	32
92.913	31
92.945	32
92.976	31
93.007	31
93.042	34
93.073	31
93.104	31
93.159	54
93.19	31
93.222	32
93.253	31
93.285	32
93.317	32
93.348	31
93.38	32
93.411	31
93.443	32
93.474	31
93.505	31
93.537	32
93.571	34
93.609	37
93.64	31
93.671	31
93.703	32
93.734	31
93.765	31
93.799	34
93.835	36
93.867	31
93.898	31
93.929	31
93.963	34
93.994	31
94.025	31
94.057	31
94.089	32
94.12	31
94.152	32
94.183	31
94.215	32
94.246	31
94.278	32
94.309	31
94.341	32
94.372	31
94.404	31
94.439	35
94.47	31
94.501	31
94.532	31
94.564	32
94.595	31
94.626	31
94.657	31
94.688	31
94.719	31
94.751	31
94.782	31
94.814	32
94.845	31
94.877	32
94.908	31
94.94	32
94.971	31
95.002	31
95.033	31
95.066	33
95.098	32
95.129	31
95.161	31
95.192	31
95.223	31
95.254	30
95.286	31
95.318	32
95.35	32
95.381	31
95.413	32
95.444	31
95.475	31
95.508	32
95.539	31
95.571	32
95.603	32
95.634	31
95.666	32
95.707	41
95.741	34
95.772	31
95.805	33
95.838	33
95.869	31
95.901	32
95.932	31
95.963	31
95.995	32
96.026	31
96.058	32
96.089	31
96.12	31
96.151	31
96.184	33
96.216	32
96.248	32
96.279	31
96.31	31
96.348	38
96.379	31
96.411	32
96.443	32
96.474	31
96.507	33
96.539	32
96.57	31
96.601	31
96.635	34
96.677	42
96.713	36
96.745	32
96.776	31
96.807	31
96.839	32
96.87	31
96.901	31
96.933	31
96.965	32
96.999	34
97.031	31
97.064	33
97.097	33
97.128	31
97.159	31
97.191	32
97.224	33
97.256	32
97.287	31
97.319	32
97.351	32
97.383	32
97.414	31
97.445	31
97.477	31
97.509	32
97.54	31
97.57	30
97.602	32
97.663	61
97.701	38
97.735	34
97.767	31
97.799	32
97.83	31
97.862	31
97.893	31
97.925	32
97.957	32
97.989	31
98.021	32
98.053	32
98.083	30
98.114	31
98.145	31
98.176	31
98.208	32
98.24	32
98.28	40
98.311	31
98.343	32
98.374	31
98.405	31
98.437	32
98.469	32
98.5	30
98.531	30
98.563	31
98.595	31
98.625	30
98.657	32
98.69	33
98.722	32
98.758	36
98.79	32
98.822	32
98.853	31
98.885	31
98.92	35
98.951	31
98.982	31
99.013	31
99.044	31
99.076	32
99.107	31
99.139	31
99.17	31
99.201	31
99.233	32
99.264	31
99.296	31
99.328	32
99.359	31
99.391	32
99.422	31
99.454	31
99.486	32
99.518	32
99.559	41
99.59	31
99.621	31
99.655	34
99.687	32
99.719	32
99.749	30
99.78	31
99.811	31
99.843	32
99.874	31
99.906	32
99.939	33
99.98	41
100.026	45
100.09	64
100.134	44
100.176	42
100.249	73
100.29	41
100.333	43
100.405	72
100.444	38
100.493	49
100.528	34
100.559	31
100.608	49
100.639	31
100.671	31
100.703	32
100.734	31
100.764	30
100.796	32
100.826	30
100.857	31
100.891	33
100.923	32
100.955	32
100.987	31
101.018	31
101.05	31
101.083	33
101.115	32
101.147	32
101.178	31
101.209	31
101.24	31
101.284	44
101.317	32
101.349	32
101.381	32
101.412	31
101.445	33
101.479	34
101.511	32
101.545	34
101.579	34
101.612	33
101.652	40
101.683	31
101.714	31
101.746	32
101.779	33
101.812	33
101.844	32
101.874	30
101.908	34
101.939	31
101.97	31
102.002	32
102.034	32
102.065	31
102.108	43
102.139	31
102.171	32
102.202	31
102.233	31
102.264	31
102.296	32
102.328	32
102.36	32
102.393	33
102.424	31
102.456	32
102.488	32
102.519	31
102.55	31
102.582	31
102.614	32
102.645	31
102.677	32
102.709	32
102.76	51
102.793	33
102.825	32
102.856	31
102.888	32
102.919	31
102.951	31
102.983	32
103.014	31
103.045	31
103.076	31
103.107	31
103.139	31
103.171	32
103.203	32
103.235	32
103.266	31
103.297	31
103.329	32
103.361	32
103.4	39
103.431	31
103.463	32
103.494	31
103.525	31
103.557	32
103.588	31
103.619	31
103.65	31
103.681	31
103.713	32
103.743	30
103.774	31
103.806	31
103.838	32
103.869	31
103.902	33
103.934	32
103.964	30
103.997	33
104.039	42
104.071	32
104.102	31
104.134	32
104.165	31
104.197	32
104.228	31
104.259	31
104.291	32
104.322	31
104.354	31
104.386	32
104.417	31
104.449	32
104.48	31
104.511	31
104.543	31
104.573	30
104.604	31
104.636	31
104.667	30
104.699	31
104.731	32
104.763	32
104.794	31
104.826	32
104.857	31
104.888	31
104.92	32
104.953	33
104.984	31
105.015	31
105.047	31
105.079	32
105.11	31
105.142	32
105.173	31
105.205	31
105.236	30
105.268	32
105.309	41
105.34	31
105.371	31
105.403	32
105.435	31
105.466	31
105.497	31
105.528	31
105.559	31
105.59	31
105.622	31
105.654	32
105.686	32
105.717	31
105.749	32
105.781	32
105.812	31
105.844	32
105.876	32
105.908	32
105.948	40
105.981	33
106.012	31
106.045	32
106.077	32
106.108	31
106.139	31
106.17	31
106.202	32
106.234	32
106.266	32
106.298	32
106.329	31
106.36	31
106.391	31
106.424	33
106.456	32
106.487	31
106.519	32
106.55	31
106.588	38
106.619	31
106.651	32
106.683	32
106.714	31
106.747	33
106.779	32
106.81	31
106.842	32
106.873	31
106.904	31
106.936	32
106.968	31
106.999	31
107.031	31
107.063	32
107.094	31
107.125	31
107.157	31
107.189	32
107.235	46
107.267	32
107.298	31
107.33	32
107.362	32
107.393	31
107.425	32
107.456	31
107.487	31
107.518	31
107.551	33
107.583	32
107.614	31
107.645	31
107.676	31
107.709	33
107.74	31
107.771	31
107.803	32
107.835	32
107.867	32
107.898	31
107.93	32
107.961	31
107.993	32
108.024	31
108.056	32
108.087	31
108.119	32
108.15	31
108.182	32
108.213	31
108.244	30
108.276	32
108.307	31
108.34	32
108.371	31
108.403	32
108.439	36
108.476	37
108.508	32
108.542	34
108.575	33
108.606	31
108.638	32
108.669	31
108.7	31
108.732	32
108.764	32
108.795	31
108.827	32
108.859	32
108.89	31
108.921	31
108.953	32
108.985	32
109.016	31
109.047	31
109.078	31
109.11	32
109.148	38
109.179	31
109.211	32
109.243	32
109.275	32
109.307	32
109.337	30
109.368	30
109.399	30
109.432	33
109.463	31
109.496	33
109.528	31
109.559	31
109.59	31
109.621	31
109.652	31
109.684	32
109.716	32
109.748	32
109.788	40
109.82	32
109.852	32
109.883	31
109.914	31
109.946	32
109.977	31
110.009	32
110.041	32
110.072	31
110.104	32
110.136	32
110.167	31
110.198	31
110.23	32
110.262	32
110.293	31
110.325	32
110.357	32
110.389	32
110.429	40
110.46	31
110.491	31
110.522	31
110.554	32
110.589	35
110.62	31
110.654	34
110.686	32
110.716	30
110.747	31
110.778	31
110.809	31
110.841	31
110.874	33
110.906	32
110.937	31
110.968	31
111.0	32
111.032	32
111.068	35
111.101	33
111.133	32
111.166	33
111.199	33
111.23	31
111.262	32
111.293	31
111.326	32
111.357	31
111.388	31
111.419	31
111.451	32
111.483	32
111.514	31
111.545	31
111.576	31
111.607	31
111.639	31
111.671	32
111.709	38
111.741	32
111.773	32
111.804	31
111.837	33
111.869	32
111.9	31
111.931	31
111.964	33
111.994	30
112.026	32
112.057	31
112.088	31
112.12	32
112.151	31
112.182	31
112.214	32
112.245	31
112.277	32
112.308	31
112.348	40
112.38	32
112.411	31
112.442	31
112.473	31
112.505	32
112.536	31
112.568	32
112.599	31
112.63	31
112.662	31
112.694	32
112.725	31
112.757	32
112.789	32
112.82	31
112.851	30
112.883	31
112.916	32
112.947	31
112.987	40
113.019	32
113.051	32
113.082	31
113.114	32
113.145	31
113.176	31
113.207	31
113.239	31
113.27	31
113.302	32
113.334	32
113.366	32
113.396	30
113.428	31
113.46	32
113.491	31
113.523	31
113.555	32
113.586	31
113.631	45
113.662	31
113.695	33
113.738	43
113.771	32
113.802	31
113.836	34
113.867	31
113.9	33
113.932	32
113.963	31
113.999	36
114.03	31
114.069	39
114.1	31
114.131	31
114.162	31
114.196	33
114.227	31
114.268	41
114.299	31
114.331	32
114.363	32
114.394	31
114.426	32
114.458	32
114.489	31
114.52	31
114.552	32
114.585	33
114.616	31
114.655	39
114.687	32
114.719	32
114.751	32
114.782	31
114.813	31
114.844	31
114.875	31
114.907	32
114.939	31
114.971	32
115.003	32
115.034	31
115.065	31
115.096	31
115.128	32
115.159	31
115.191	32
115.223	32
115.254	31
115.285	31
115.318	33
115.35	32
115.382	32
115.414	32
115.446	32
115.477	31
115.509	32
115.548	39
115.58	32
115.611	31
115.642	31
115.673	31
115.704	31
115.735	31
115.767	32
115.798	31
115.83	32
115.86	30
115.892	31
115.925	33
115.956	31
115.988	32
116.019	31
116.05	31
116.081	31
116.113	32
116.145	32
116.176	31
116.208	32
116.239	31
116.27	31
116.301	31
116.334	32
116.365	31
116.397	32
116.429	32
116.46	31
116.491	31
116.523	31
116.555	32
116.586	31
116.618	32
116.651	33
116.682	31
116.713	31
116.744	31
116.776	32
116.807	31
116.863	56
116.894	30
116.925	30
116.957	31
116.989	32
117.02	31
117.051	31
117.083	32
117.114	31
117.146	32
117.178	32
117.209	31
117.24	31
117.272	32
117.303	31
117.34	37
117.371	31
117.403	32
117.435	32
117.467	32
117.499	32
117.531	32
117.563	32
117.594	31
117.625	31
117.657	31
117.689	32
117.72	31
117.751	31
117.782	31
117.812	30
117.844	31
117.876	32
117.907	31
117.939	32
117.97	30
118.002	32
118.054	51
118.092	38
118.123	31
118.154	31
118.186	32
118.217	31
118.249	32
118.28	31
118.312	32
118.344	32
118.375	31
118.407	32
118.438	31
118.469	31
118.501	32
118.533	32
118.564	31
118.596	32
118.628	32
118.659	31
118.691	32
118.722	31
118.761	39
118.792	31
118.823	31
118.855	31
118.885	30
118.918	33
118.958	40
118.989	31
119.021	32
119.053	32
119.084	31
119.117	33
119.149	31
119.183	34
119.213	30
119.244	31
119.275	31
119.308	33
119.341	33
119.372	31
119.405	32
119.436	31
119.469	33
119.5	31
119.532	31
119.563	31
119.594	31
119.626	32
119.657	31
119.689	32
119.72	31
119.752	32
119.783	31
119.815	32
119.846	31
119.878	31
119.909	31
119.941	31
119.973	32
120.005	32
120.041	36
120.074	33
120.106	32
120.137	31
120.17	33
120.201	31
120.232	31
120.264	32
120.295	31
120.327	31
120.358	31
120.39	32
120.421	31
120.453	32
120.485	32
120.516	31
120.548	32
120.579	31
120.61	31
120.641	31
120.68	39
120.712	31
120.743	31
120.775	32
120.807	32
120.838	31
120.87	32
120.952	82
121.012	60
121.068	56
121.12	52
121.152	32
121.211	59
121.242	31
121.273	31
121.354	81
121.398	43
121.436	38
121.468	32
121.5	32
121.532	32
121.564	32
121.596	32
121.627	31
121.658	31
121.691	33
121.724	33
121.755	31
121.786	31
121.818	32
121.849	31
121.88	31
121.911	31
121.96	49
121.991	31
122.023	32
122.076	53
122.108	32
122.14	32
122.171	31
122.203	32
122.234	31
122.267	33
122.298	31
122.33	31
122.362	32
122.394	32
122.424	30
122.456	32
122.487	31
122.519	32
122.55	31
122.592	42
122.623	31
122.655	32
122.686	31
122.718	32
122.749	31
122.779	30
122.811	32
122.843	32
122.874	31
122.905	31
122.937	32
122.967	30
122.998	31
123.029	30
123.061	31
123.093	32
123.125	32
123.156	31
123.191	35
123.228	37
123.259	31
123.29	31
123.322	32
123.353	31
123.384	31
123.415	30
123.446	31
123.477	31
123.508	31
123.541	33
123.572	31
123.603	31
123.634	31
123.667	33
123.698	31
123.73	32
123.761	31
123.793	32
123.824	31
123.855	31
123.887	32
123.917	30
123.949	32
123.981	32
124.013	32
124.044	31
124.077	32
124.108	31
124.14	32
124.171	31
124.202	31
124.234	32
124.265	31
124.296	31
124.327	31
124.36	32
124.391	31
124.423	32
124.455	32
124.487	32
124.562	75
124.598	36
124.636	38
124.667	30
124.699	31
124.73	31
124.761	31
124.793	32
124.826	33
124.863	37
124.896	33
124.927	31
124.96	33
124.992	32
125.024	32
125.063	31
125.094	31
125.126	31
125.16	34
125.192	31
125.224	32
125.255	31
125.286	31
125.318	31
125.349	31
125.38	31
125.411	31
125.444	31
125.475	31
125.506	31
125.541	35
125.573	32
125.609	36
125.645	36
125.676	31
125.708	32
125.739	31
125.77	31
125.802	31
125.833	31
125.864	30
125.896	31
125.928	32
125.959	31
125.99	31
126.022	31
126.053	31
126.085	32
126.117	31
126.149	32
126.18	31
126.211	31
126.247	36
126.28	33
126.311	31
126.343	31
126.373	30
126.404	31
126.463	59
126.496	33
126.538	0
126.584	46
126.635	51
126.669	34
126.701	32
126.746	45
126.777	31
126.808	31
126.84	32
126.917	76
126.974	57
127.008	34
127.04	32
127.082	42
127.113	31
127.148	35
127.18	31
127.212	32
127.243	31
127.275	32
127.306	31
127.338	31
127.375	37
127.41	35
127.441	31
127.472	31
127.502	30
127.534	32
127.565	31
127.596	31
127.627	31
127.659	32
127.691	32
127.724	32
127.754	30
127.786	31
127.817	31
127.848	31
127.879	31
127.91	31
127.942	32
127.975	33
128.005	30
128.037	31
128.069	32
128.102	33
128.133	31
128.164	31
128.196	31
128.226	30
128.286	59
128.317	31
128.355	38
128.386	31
128.417	30
128.449	31
128.481	32
128.511	30
128.543	31
128.574	31
128.606	32
128.637	31
128.669	32
128.711	42
128.758	46
128.789	31
128.82	31
128.851	31
128.882	31
128.913	31
128.944	31
128.977	33
129.008	31
129.039	31
129.07	31
129.116	46
129.148	32
129.179	31
129.21	31
129.243	33
129.273	30
129.306	32
129.352	46
129.384	32
129.415	31
129.448	33
129.481	33
129.518	37
129.55	32
129.588	38
129.631	43
129.662	31
129.693	31
129.734	40
129.768	34
129.799	31
129.833	34
129.864	31
129.897	33
129.929	32
129.959	30
129.99	31
130.022	32
130.053	31
130.084	31
130.117	33
130.151	34
130.182	31
130.214	32
130.245	31
130.281	35
130.314	33
130.345	31
130.377	31
130.409	32
130.444	35
130.479	35
130.51	31
130.542	32
130.576	34
130.608	32
130.643	35
130.678	34
130.71	31
130.741	31
130.772	30
130.803	31
130.834	31
130.868	33
130.908	40
130.939	31
130.971	32
131.002	31
131.034	31
131.066	32
131.097	31
131.128	31
131.162	34
131.194	32
131.225	31
131.257	32
131.29	33
131.321	31
131.354	33
131.385	31
131.418	33
131.448	30
131.48	32
131.512	32
131.561	49
131.593	32
131.624	31
131.66	36
131.719	59
131.755	36
131.786	30
131.82	33
131.851	31
131.883	32
131.975	92
132.006	31
132.038	32
132.069	31
132.1	31
132.131	31
132.163	32
132.204	41
132.236	32
132.273	36
132.305	32
132.336	31
132.367	31
132.4	32
132.44	40
132.472	32
132.503	31
132.536	32
132.568	31
132.613	45
132.651	38
132.683	32
132.715	31
132.747	32
132.779	32
132.811	32
132.844	33
132.875	31
132.907	31
132.939	32
132.971	32
133.003	32
133.035	32
133.066	31
133.098	31
133.135	37
133.167	31
133.199	32
133.231	32
133.262	31
133.298	36
133.331	33
133.363	32
133.395	32
133.425	30
133.458	33
133.49	32
133.522	32
133.553	31
133.585	32
133.617	32
133.648	31
133.679	31
133.711	32
133.748	37
133.784	35
133.815	31
133.847	31
133.878	31
133.91	31
133.942	31
133.975	32
134.008	33
134.048	32
134.08	32
134.121	41
134.152	31
134.183	31
134.216	33
134.247	31
134.279	32
134.311	32
134.342	31
134.373	31
134.405	32
134.436	31
134.468	32
134.499	31
134.53	31
134.562	32
134.593	31
134.625	32
134.657	32
134.689	32
134.721	31
134.762	41
134.793	31
134.825	32
134.858	33
134.889	31
134.922	33
134.953	31
134.984	31
135.015	31
135.047	32
135.082	35
135.114	32
135.145	31
135.176	31
135.208	32
135.239	31
135.272	33
135.599	327
135.63	31
135.662	32
135.693	31
135.726	33
135.757	31
135.789	31
135.82	31
135.851	31
135.883	32
135.916	33
135.947	31
135.979	32
136.01	31
136.064	54
136.095	31
136.126	31
136.159	33
136.19	31
136.223	33
136.255	32
136.287	32
136.318	31
136.349	31
136.381	32
136.412	31
136.443	31
136.476	33
136.507	31
136.539	32
136.571	32
136.603	32
136.635	32
136.671	36
136.713	42
136.766	53
136.797	31
136.828	31
136.86	32
136.892	32
136.923	31
136.955	32
136.986	31
137.018	32
137.05	32
137.081	31
137.112	31
137.145	32
137.176	31
137.208	32
137.243	35
137.274	31
137.31	36
137.341	31
137.372	31
137.404	32
137.435	31
137.467	32
137.499	32
137.531	32
137.562	31
137.594	32
137.625	31
137.657	32
137.688	31
137.72	32
137.752	32
137.783	31
137.815	32
137.846	31
137.877	31
137.908	31
137.949	41
137.981	32
138.016	35
138.049	33
138.081	32
138.113	32
138.144	31
138.176	32
138.208	32
138.241	33
138.273	32
138.303	30
138.337	34
138.368	31
138.4	32
138.431	31
138.463	32
138.494	31
138.525	31
138.557	32
138.589	32
138.621	32
138.652	31
138.684	32
138.715	31
138.746	30
138.778	31
138.809	31
138.841	32
138.877	36
138.909	32
138.939	30
138.971	32
139.003	32
139.034	31
139.065	31
139.097	31
139.129	32
139.16	31
139.192	32
139.231	38
139.265	34
139.297	32
139.329	32
139.361	32
139.392	31
139.424	32
139.455	31
139.489	34
139.52	31
139.552	32
139.584	32
139.616	32
139.649	33
139.683	34
139.726	43
139.758	32
139.789	31
139.821	31
139.852	31
139.884	31
139.915	31
139.947	32
139.979	31
140.012	33
140.043	31
140.075	32
140.106	31
140.137	30
140.169	32
140.2	31
140.233	32
140.264	31
140.295	31
140.327	32
140.357	30
140.389	32
140.423	34
140.455	31
140.487	32
140.524	37
140.556	32
140.588	32
140.619	31
140.65	31
140.681	31
140.712	31
140.744	32
140.776	32
140.806	30
140.838	31
140.869	31
140.9	31
140.933	33
140.965	32
140.997	32
141.028	31
141.059	31
141.09	31
141.121	31
141.161	40
141.193	31
141.224	31
141.256	32
141.288	32
141.319	31
141.35	31
141.382	32
141.413	31
141.446	33
141.477	31
141.508	31
141.54	32
141.571	31
141.603	31
141.634	31
141.665	31
141.696	30
141.727	31
141.759	32
141.802	43
141.833	31
141.864	31
141.896	32
141.928	32
141.959	31
141.989	30
142.021	31
142.053	32
142.084	31
142.116	32
142.148	32
142.18	32
142.211	31
142.244	33
142.277	33
142.309	32
142.34	31
142.372	32
142.403	31
142.443	40
142.474	31
142.507	33
142.538	30
142.57	32
142.603	33
142.634	31
142.666	32
142.697	31
142.729	32
142.761	32
142.793	32
142.825	32
142.856	31
142.887	31
142.919	32
142.951	32
142.982	31
143.014	32
143.045	31
143.084	38
143.115	31
143.147	32
143.178	31
143.211	32
143.242	31
143.274	32
143.305	31
143.337	31
143.371	34
143.402	31
143.435	33
143.467	32
143.498	31
143.531	33
143.563	32
143.596	33
143.627	31
143.659	32
143.69	31
143.723	33
143.754	31
143.786	32
143.818	32
143.849	31
143.88	31
143.911	31
143.943	32
143.975	32
144.006	31
144.038	32
144.069	31
144.1	31
144.131	31
144.163	32
144.195	32
144.225	30
144.257	31
144.289	32
144.321	32
144.363	41
144.394	31
144.425	31
144.456	31
144.487	31
144.519	32
144.551	32
144.583	32
144.614	31
144.645	31
144.676	31
144.708	32
144.739	31
144.772	33
144.804	32
144.835	31
144.871	36
144.902	31
144.933	31
144.965	31
145.001	36
145.043	42
145.078	35
145.11	32
145.141	31
145.172	31
145.204	32
145.236	32
145.268	32
145.301	33
145.332	31
145.362	30
145.393	30
145.425	32
145.456	31
145.488	32
145.52	32
145.551	31
145.583	32
145.615	32
145.664	49
145.696	32
145.727	31
145.76	33
145.793	33
145.824	31
145.856	32
145.888	32
145.919	31
145.951	32
145.983	32
146.014	31
146.045	30
146.077	32
146.108	31
146.139	31
146.171	32
146.203	32
146.235	32
146.272	37
146.304	32
146.336	32
146.368	32
146.399	31
146.43	31
146.463	33
146.494	31
146.525	31
146.557	32
146.589	32
146.622	33
146.654	32
146.685	31
146.717	32
146.748	31
146.78	32
146.812	32
146.843	31
146.88	37
146.922	42
146.953	31
146.985	31
147.015	30
147.049	33
147.081	32
147.113	32
147.146	33
147.18	34
147.212	32
147.242	30
147.274	31
147.306	32
147.337	31
147.369	32
147.401	32
147.432	31
147.464	32
147.495	31
147.526	31
147.563	36
147.594	31
147.628	33
147.659	31
147.692	33
147.723	31
147.754	31
147.785	31
147.817	32
147.849	32
147.881	32
147.912	31
147.943	31
147.974	31
148.005	31
148.037	31
148.069	32
148.101	32
148.133	32
148.164	31
148.204	40
148.235	31
148.267	32
148.298	31
148.33	32
148.361	31
148.392	31
148.424	32
148.456	32
148.487	31
148.517	30
148.549	32
148.581	32
148.613	32
148.645	32
148.677	32
148.708	31
148.739	31
148.771	32
148.802	31
148.842	40
148.874	32
148.906	32
148.938	32
148.97	32
149.002	32
149.033	31
149.065	32
149.096	31
149.128	32
149.16	32
149.191	31
149.222	31
149.253	31
149.284	31
149.316	32
149.347	31
149.378	31
149.41	32
149.441	31
149.482	41
149.514	32
149.546	32
149.578	32
149.609	31
149.64	31
149.671	31
149.703	32
149.734	31
149.765	31
149.796	31
149.827	31
149.859	31
149.891	32
149.922	31
149.954	31
149.986	32
150.017	31
150.048	31
150.08	32
150.124	44
150.155	31
150.188	33
150.219	31
150.252	33
150.284	32
150.315	31
150.347	32
150.378	31
150.409	31
150.441	32
150.472	31
150.504	32
150.535	31
150.567	32
150.598	31
150.629	31
150.661	32
150.693	32
150.724	31
150.764	40
150.795	31
150.826	31
150.858	32
150.891	33
150.922	31
150.954	32
150.986	32
151.017	31
151.049	32
151.081	32
151.113	32
151.144	31
151.175	31
151.206	31
151.237	31
151.269	32
151.3	31
151.332	32
151.363	31
151.404	41
151.436	32
151.471	35
151.502	31
151.534	31
151.564	30
151.596	32
151.627	31
151.661	34
151.692	31
151.724	31
151.756	31
151.788	32
151.819	31
151.85	31
151.882	32
151.913	31
151.945	32
151.977	32
152.008	31
152.042	34
152.073	31
152.104	31
152.136	32
152.168	32
152.199	31
152.232	33
152.263	31
152.295	32
152.326	31
152.358	32
152.391	33
152.422	31
152.454	32
152.486	32
152.518	32
152.551	33
152.582	31
152.613	31
152.645	32
152.683	38
152.714	31
152.748	34
152.779	31
152.812	33
152.843	31
152.875	32
152.906	31
152.937	31
152.969	32
153.001	31
153.033	32
153.065	32
153.096	31
153.127	31
153.158	31
153.189	31
153.221	32
153.253	32
153.285	32
153.324	39
153.356	32
153.388	32
153.419	31
153.45	31
153.481	31
153.512	31
153.544	32
153.575	31
153.606	30
153.638	32
153.669	31
153.7	31
153.733	33
153.765	31
153.797	32
153.828	31
153.859	31
153.89	31
153.921	31
153.962	41
153.993	31
154.024	31
154.056	32
154.087	31
154.119	32
154.15	31
154.182	32
154.212	30
154.245	32
154.277	32
154.309	32
154.341	32
154.372	31
154.404	32
154.435	31
154.467	32
154.499	32
154.53	31
154.562	32
154.602	40
154.634	31
154.666	31
154.698	32
154.73	32
154.761	31
154.792	31
154.824	32
154.855	31
154.887	31
154.921	34
154.953	32
154.987	34
155.018	31
155.05	31
155.082	32
155.113	31
155.145	32
155.177	32
155.209	32
155.267	58
155.3	33
155.332	32
155.364	32
155.395	31
155.426	31
155.458	32
155.489	31
155.521	32
155.553	31
155.584	31
155.616	32
155.647	31
155.679	32
155.71	31
155.741	31
155.773	32
155.804	31
155.836	31
155.871	35
155.902	31
155.934	32
155.966	32
155.997	31
156.028	31
156.06	32
156.091	31
156.122	30
156.154	32
156.185	31
156.216	31
156.248	32
156.28	32
156.312	32
156.343	31
156.374	31
156.405	31
156.436	31
156.468	31
156.51	42
156.542	32
156.574	32
156.606	32
156.639	33
156.67	31
156.703	32
156.735	32
156.766	31
156.796	30
156.828	32
156.86	32
156.891	31
156.923	31
156.955	32
156.987	32
157.018	31
157.05	32
157.081	31
157.113	32
157.151	38
157.182	31
157.215	33
157.247	32
157.278	31
157.309	31
157.34	31
157.371	31
157.403	32
157.434	31
157.465	31
157.499	34
157.532	32
157.569	37
157.627	58
157.658	31
157.69	32
157.721	31
157.753	32
157.791	38
157.822	31
157.854	31
157.885	31
157.917	32
157.948	31
157.98	31
158.015	35
158.048	33
158.081	33
158.112	31
158.143	31
158.175	32
158.206	31
158.239	33
158.27	31
158.302	32
158.333	31
158.364	31
158.396	32
158.431	35
158.462	31
158.495	33
158.527	32
158.561	34
158.598	37
158.632	34
158.664	31
158.696	32
158.728	32
158.758	30
158.789	31
158.82	31
158.853	33
158.885	31
158.917	32
158.948	31
158.979	31
159.01	31
159.042	32
159.084	42
159.115	31
159.146	31
159.178	32
159.209	31
159.24	31
159.272	32
159.304	32
159.336	32
159.367	31
159.399	32
159.43	31
159.461	31
159.492	31
159.523	31
159.555	32
159.586	31
159.617	31
159.649	32
159.68	31
159.724	43
159.757	33
159.789	32
159.822	33
159.854	32
159.885	31
159.917	31
159.948	31
159.98	32
160.012	32
160.043	31
160.075	32
160.106	31
160.138	31
160.17	32
160.201	31
160.232	31
160.264	32
160.295	31
160.326	31
160.364	38
160.395	31
160.428	33
160.46	32
160.492	32
160.523	31
160.554	31
160.586	32
160.618	32
160.649	31
160.681	32
160.712	31
160.743	31
160.775	32
160.807	32
160.838	31
160.87	32
160.903	33
160.935	32
160.966	31
161.004	38
161.035	31
161.066	31
161.098	32
161.129	31
161.161	32
161.192	31
161.224	31
161.256	32
161.288	32
161.319	31
161.351	32
161.382	31
161.413	31
161.46	46
161.494	34
161.525	31
161.568	43
161.613	45
161.649	36
161.68	31
161.711	31
161.763	52
161.794	31
161.825	31
161.864	39
161.896	32
161.927	31
161.959	32
161.99	31
162.024	33
162.056	31
162.089	33
162.12	31
162.151	31
162.183	32
162.215	32
162.248	33
162.284	36
162.316	32
162.348	32
162.378	30
162.409	31
162.44	31
162.472	32
162.504	32
162.535	31
162.568	32
162.601	33
162.632	31
162.664	32
162.697	33
162.764	67
162.796	32
162.827	31
162.861	34
162.894	33
162.925	31
162.957	31
162.988	31
163.019	31
163.052	33
163.083	31
163.115	31
163.146	31
163.178	32
163.209	31
163.24	31
163.272	32
163.304	32
163.335	31
163.367	32
163.398	31
163.428	30
163.461	32
163.493	31
163.525	32
163.564	39
163.595	31
163.627	32
163.659	32
163.69	31
163.725	35
163.77	45
163.802	32
163.834	32
163.866	32
163.897	31
163.929	32
163.96	31
163.991	31
164.022	31
164.053	31
164.084	31
164.116	32
164.147	31
164.178	31
164.21	31
164.241	31
164.273	32
164.304	31
164.336	32
164.367	31
164.398	31
164.43	32
164.462	31
164.494	32
164.526	32
164.557	31
164.589	32
164.624	32
164.656	32
164.687	31
164.72	33
164.754	34
164.789	34
164.866	77
164.898	32
164.929	31
164.96	31
164.991	31
165.023	32
165.054	31
165.086	32
165.118	32
165.15	32
165.182	32
165.213	31
165.244	31
165.275	31
165.306	31
165.338	32
165.37	32
165.401	31
165.432	31
165.473	40
165.503	30
165.535	31
165.567	32
165.598	31
165.63	32
165.661	31
165.694	33
165.726	32
165.758	32
165.789	31
165.822	33
165.855	33
165.887	32
165.919	32
165.95	31
165.985	34
166.018	33
166.052	33
166.087	35
166.124	37
166.156	32
166.191	34
166.223	32
166.254	31
166.292	38
166.323	31
166.354	31
166.386	32
166.418	32
166.45	32
166.483	33
166.518	35
166.55	32
166.582	31
166.614	31
166.646	31
166.677	31
166.708	31
166.74	32
166.772	32
166.804	32
166.836	32
166.867	31
166.899	32
166.932	33
166.963	31
166.995	32
167.026	31
167.059	33
167.092	33
167.123	31
167.154	31
167.186	32
167.217	31
167.25	32
167.282	32
167.316	34
167.348	32
167.38	32
167.411	31
167.444	33
167.475	30
167.506	31
167.543	36
167.574	31
167.605	31
167.636	31
167.668	32
167.7	32
167.731	31
167.762	31
167.794	32
167.825	31
167.857	32
167.888	31
167.92	32
167.952	32
167.983	31
168.014	31
168.046	32
168.078	32
168.109	31
168.141	32
168.172	31
168.204	32
168.235	31
168.267	32
168.299	32
168.33	31
168.362	32
168.393	31
168.424	31
168.456	31
168.487	31
168.519	32
168.55	31
168.581	31
168.613	32
168.645	32
168.684	39
168.714	30
168.746	31
168.777	31
168.809	32
168.84	31
168.872	32
168.904	32
168.935	31
168.967	32
168.999	32
169.03	31
169.061	31
169.094	33
169.126	32
169.156	30
169.188	31
169.219	31
169.25	31
169.282	32
169.324	42
169.355	31
169.386	31
169.417	31
169.448	31
169.479	31
169.51	31
169.542	32
169.574	32
169.606	32
169.637	31
169.669	32
169.7	31
169.732	32
169.764	32
169.796	32
169.827	31
169.859	31
169.89	31
169.922	32
169.964	42
169.996	31
170.028	32
170.059	31
170.09	30
170.122	32
170.154	32
170.186	32
170.22	34
170.251	31
170.284	32
170.315	31
170.35	35
170.383	33
170.414	31
170.446	32
170.478	32
170.51	32
170.542	32
170.574	32
170.606	32
170.636	30
170.668	32
170.7	32
170.732	32
170.763	31
170.795	32
170.825	30
170.858	32
170.89	32
170.922	32
170.956	34
170.989	32
171.025	36
171.057	32
171.091	34
171.126	35
171.162	36
171.196	34
171.232	36
171.265	33
171.296	31
171.329	32
171.363	34
171.398	35
171.43	32
171.462	32
171.494	32
171.529	34
171.561	32
171.593	31
171.624	31
171.655	31
171.686	31
171.718	32
171.75	32
171.781	31
171.812	31
171.844	32
171.885	41
171.916	31
171.947	31
171.979	32
172.01	31
172.043	33
172.074	31
172.106	32
172.137	31
172.169	32
172.2	31
172.232	32
172.263	31
172.295	32
172.33	35
172.361	31
172.392	31
172.424	31
172.456	31
172.488	32
172.524	36
172.555	31
172.587	32
172.619	32
172.651	32
172.682	31
172.716	33
172.747	31
172.78	33
172.811	31
172.843	31
172.875	32
172.906	31
172.938	32
172.97	32
173.001	31
173.032	31
173.064	31
173.096	32
173.138	42
173.169	31
173.208	38
173.239	31
173.274	35
173.307	32
173.338	31
173.37	32
173.402	32
173.433	31
173.465	32
173.497	32
173.528	31
173.559	31
173.59	31
173.621	31
173.653	32
173.684	31
173.715	31
173.746	31
173.778	32
173.809	31
173.842	32
173.874	32
173.906	32
173.938	32
173.969	31
174.0	31
174.031	31
174.071	31
174.102	31
174.133	31
174.165	32
174.196	31
174.229	32
174.26	31
174.292	32
174.324	32
174.355	31
174.386	31
174.418	32
174.467	49
174.498	31
174.529	30
174.561	31
174.593	31
174.624	31
174.656	32
174.688	32
174.719	31
174.751	31
174.782	31
174.814	32
174.846	32
174.877	31
174.908	31
174.939	31
174.97	31
175.001	31
175.033	32
175.071	38
175.102	31
175.135	33
175.167	32
175.199	32
175.23	31
175.261	31
175.292	29
175.324	32
175.355	31
175.387	32
175.418	31
175.45	31
175.481	31
175.512	31
175.545	33
175.576	31
175.607	31
175.638	31
175.67	32
175.711	41
175.743	32
175.776	33
175.807	31
175.838	31
175.87	31
175.901	31
175.933	32
175.965	32
175.996	31
176.027	30
176.058	31
176.09	32
176.121	31
176.153	32
176.185	32
176.215	30
176.247	31
176.279	32
176.309	30
176.364	54
176.395	31
176.427	31
176.459	32
176.49	31
176.521	31
176.552	31
176.584	32
176.615	31
176.647	32
176.679	32
176.71	31
176.742	31
176.773	31
176.804	30
176.836	32
176.871	35
176.903	32
176.935	32
176.97	35
177.008	38
177.04	31
177.072	32
177.104	32
177.135	31
177.166	31
177.198	32
177.229	31
177.261	32
177.292	31
177.324	31
177.355	31
177.388	32
177.419	31
177.451	32
177.482	31
177.513	31
177.545	32
177.576	31
177.61	34
177.643	32
177.678	34
177.709	31
177.741	32
177.773	32
177.805	32
177.837	32
177.869	32
177.9	31
177.931	31
177.962	31
177.994	32
178.026	32
178.058	32
178.089	31
178.121	32
178.153	32
178.185	32
178.216	28
178.248	32
178.284	36
178.316	31
178.348	31
178.38	32
178.412	32
178.444	32
178.475	31
178.506	31
178.54	34
178.571	31
178.603	32
178.635	32
178.666	31
178.697	31
178.728	31
178.758	30
178.79	32
178.823	33
178.854	31
178.885	31
178.924	39
178.957	32
178.988	31
179.021	31
179.054	33
179.088	34
179.118	30
179.15	32
179.182	32
179.212	30
179.244	32
179.275	31
179.306	31
179.342	36
179.375	33
179.407	32
179.439	32
179.47	31
179.501	31
179.533	31
179.565	32
179.596	31
179.627	31
179.66	33
179.695	35
179.726	30
179.758	31
179.789	31
179.821	31
179.852	31
179.884	32
179.915	31
179.948	33
179.98	32
180.012	32
180.047	31
180.079	32
180.111	32
180.143	31
180.174	31
180.206	32
180.238	32
180.27	32
180.302	32
180.334	32
180.365	31
180.396	31
180.428	31
180.46	32
180.491	31
180.522	31
180.554	32
180.585	31
180.616	31
180.647	30
180.68	32
180.711	31
180.742	31
180.774	32
180.806	32
180.845	39
180.876	31
180.908	32
180.939	31
180.972	33
181.004	32
181.035	31
181.066	31
181.098	32
181.129	31
181.16	31
181.192	32
181.224	32
181.256	32
181.288	32
181.319	31
181.351	32
181.382	31
181.413	31
181.444	31
181.484	40
181.515	31
181.547	32
181.578	31
181.61	32
181.642	32
181.674	32
181.705	31
181.736	31
181.769	33
181.8	31
181.832	32
181.863	31
181.894	31
181.925	31
181.958	33
181.989	31
182.021	32
182.052	31
182.084	32
182.124	40
182.156	31
182.188	32
182.22	32
182.253	33
182.284	31
182.315	31
182.346	31
182.378	31
182.409	31
182.441	32
182.478	37
182.51	32
182.541	31
182.572	31
182.604	32
182.635	31
182.667	32
182.699	32
182.731	32
182.764	33
182.796	31
182.827	31
182.858	31
182.89	32
182.922	32
182.954	32
182.987	33
183.021	34
183.052	31
183.083	31
183.114	31
183.146	32
183.178	32
183.21	32
183.241	31
183.272	31
183.303	31
183.334	31
183.366	32
183.405	39
183.436	30
183.468	32
183.499	31
183.532	32
183.563	31
183.595	32
183.627	32
183.658	31
183.689	31
183.721	32
183.753	31
183.785	32
183.817	32
183.848	31
183.88	32
183.91	30
183.943	33
183.975	32
184.007	32
184.067	60
184.099	32
184.13	31
184.161	31
184.193	32
184.224	31
184.256	32
184.287	31
184.319	32
184.351	32
184.382	31
184.413	31
184.445	32
184.476	31
184.513	37
184.546	33
184.577	31
184.608	31
184.642	34
184.684	42
184.716	31
184.749	33
184.786	37
184.818	32
184.859	41
184.891	32
184.934	43
184.966	32
184.999	33
185.031	32
185.066	35
185.108	42
185.184	76
185.218	34
185.254	36
185.285	31
185.39	105
185.437	47
185.499	62
189.505	4006
189.545	32
189.576	31
189.608	32
189.639	31
189.671	32
189.702	31
189.742	39
189.773	31
189.805	32
189.84	35
189.871	31
189.903	32
189.935	32
189.969	34
190.001	32
190.032	31
190.064	32
190.096	32
190.126	30
190.159	32
190.19	31
190.221	31
190.252	31
190.283	31
190.314	31
190.347	33
190.378	31
190.409	31
190.446	37
190.479	32
190.51	31
190.541	31
190.573	32
190.605	32
190.649	44
190.693	44
190.725	32
190.756	31
190.789	32
190.82	31
190.851	31
190.882	31
190.913	31
190.945	32
190.976	31
191.007	31
191.039	31
191.073	34
191.105	32
191.136	31
191.168	32
191.201	33
191.233	32
191.265	32
191.296	31
191.328	31
191.361	33
191.392	31
191.423	31
191.455	32
191.487	32
191.519	32
191.55	31
191.582	32
191.613	31
191.652	39
191.725	72
191.757	32
191.791	34
191.822	31
191.856	34
191.887	31
191.919	32
191.982	63
192.013	31
192.047	34
192.079	32
192.109	30
192.14	31
192.173	33
192.205	31
192.237	31
192.269	32
192.3	31
192.332	32
192.365	33
192.402	37
192.443	40
192.475	32
192.506	31
192.538	31
192.57	32
192.61	40
192.65	40
192.684	33
192.715	31
192.748	33
192.78	32
192.812	32
192.843	31
192.873	30
192.905	32
192.936	31
192.968	32
193.006	38
193.037	31
193.068	31
193.099	31
193.135	36
193.17	35
193.204	34
193.235	31
193.268	33
193.304	36
193.336	32
193.367	31
193.397	30
193.43	33
193.467	37
193.498	31
193.53	32
193.562	32
193.592	30
193.673	80
193.705	32
193.744	39
193.785	40
193.823	38
193.863	40
193.895	32
193.944	49
193.977	33
194.015	38
194.092	77
194.146	54
194.2	54
194.239	39
194.304	65
194.353	49
194.396	43
194.438	42
194.48	42
194.518	38
194.609	91
194.668	59
194.718	50
194.788	70
194.858	70
194.988	130
195.168	180
195.369	201
195.404	35
195.443	38
195.475	32
195.506	31
195.538	32
195.577	39
195.627	50
195.66	33
195.692	32
195.723	31
195.756	33
195.788	32
195.822	34
195.854	32
195.885	31
195.916	31
195.947	31
195.98	32
196.011	31
196.043	32
196.074	31
196.106	32
196.137	31
196.167	30
196.206	38
196.237	31
196.269	31
196.3	31
196.332	32
196.364	32
196.395	31
196.426	31
196.46	34
196.492	32
196.523	31
196.555	32
196.587	32
196.618	31
196.649	31
196.68	31
196.712	32
196.743	31
196.777	34
196.809	32
196.863	54
196.894	31
196.926	32
196.958	32
196.989	31
197.02	31
197.051	31
197.084	32
197.115	31
197.147	32
197.178	31
197.209	31
197.247	38
197.278	31
197.312	33
197.346	34
197.377	30
197.409	32
197.441	32
197.474	33
197.505	31
197.537	32
197.568	31
197.599	31
197.631	32
197.663	32
197.694	31
197.727	33
197.762	34
197.8	38
197.832	32
197.864	32
197.895	31
197.926	31
197.96	34
197.99	30
198.022	31
198.054	32
198.085	31
198.126	41
198.158	31
198.189	31
198.221	32
198.252	31
198.284	31
198.316	32
198.347	31
198.38	33
198.412	32
198.444	32
198.475	31
198.507	32
198.538	31
198.569	31
198.6	30
198.632	32
198.664	32
198.695	31
198.727	32
198.766	39
198.798	32
198.83	32
198.861	31
198.893	32
198.924	31
198.956	32
198.987	31
199.019	32
199.051	32
199.086	35
199.117	31
199.149	31
199.18	31
199.212	32
199.243	31
199.275	32
199.306	31
199.337	31
199.371	33
199.407	36
199.438	31
199.469	31
199.5	31
199.534	34
199.568	34
199.599	31
199.631	31
199.663	32
199.706	43
199.751	45
199.801	50
199.839	38
199.871	32
199.907	36
199.939	32
199.97	31
200.002	32
200.034	31
200.066	32
200.097	31
200.129	32
200.164	35
200.202	38
200.249	47
200.282	33
200.316	34
200.347	31
200.379	32
200.411	32
200.443	32
200.475	32
200.505	30
200.537	31
200.57	33
200.601	31
200.633	31
200.674	41
200.705	31
200.737	32
200.769	32
200.8	31
200.831	31
200.862	31
200.894	32
200.926	32
200.957	31
200.99	32
201.021	31
201.052	31
201.084	32
201.115	31
201.147	32
201.179	32
201.21	31
201.242	32
201.273	31
201.314	41
201.344	30
201.375	31
201.412	37
201.443	30
201.477	34
201.508	31
201.541	33
201.572	31
201.604	32
201.635	31
201.666	31
201.697	31
201.728	31
201.76	32
201.792	32
201.824	32
201.856	32
201.887	31
201.919	32
201.954	35
201.986	32
202.017	31
202.049	32
202.082	33
202.114	32
202.145	31
202.177	32
202.208	31
202.24	32
202.271	31
202.303	32
202.334	31
202.366	32
202.397	31
202.429	32
202.46	31
202.491	31
202.523	32
202.555	32
202.594	39
202.625	31
202.657	31
202.689	32
202.72	31
202.752	32
202.783	31
202.814	31
202.846	31
202.878	32
202.91	32
202.972	62
203.003	31
203.035	32
203.067	32
203.099	32
203.134	35
203.17	36
203.205	35
203.278	73
203.31	31
203.347	37
203.379	32
203.411	32
203.471	59
203.502	31
203.533	30
203.564	31
203.596	32
203.627	31
203.659	32
203.691	32
203.722	31
203.753	31
203.784	31
203.815	31
203.848	32
203.886	38
203.917	31
203.949	32
203.981	32
204.012	31
204.043	30
204.074	31
204.106	32
204.137	31
204.169	32
204.201	32
204.232	30
204.263	31
204.294	31
204.325	31
204.359	34
204.391	32
204.423	32
204.454	31
204.485	31
204.527	42
204.559	32
204.59	31
204.621	31
204.652	31
204.684	32
204.715	31
204.747	32
204.778	31
204.81	32
204.84	30
204.872	32
204.904	32
204.935	31
204.967	32
204.999	32
205.03	31
205.062	31
205.093	31
205.125	31
205.167	42
205.201	33
205.232	31
205.264	32
205.295	31
205.326	31
205.358	32
205.39	31
205.421	31
205.452	31
205.485	33
205.517	32
205.549	32
205.58	31
205.612	32
205.644	31
205.675	31
205.707	32
205.738	31
205.77	32
205.807	37
205.839	32
205.87	31
205.902	32
205.933	31
205.964	31
205.997	33
206.028	31
206.06	32
206.091	31
206.123	32
206.154	31
206.185	31
206.216	31
206.247	31
206.278	31
206.311	33
206.343	32
206.374	31
206.407	32
206.446	39
206.477	31
206.509	32
206.54	31
206.572	32
206.604	32
206.635	31
206.667	31
206.699	32
206.731	32
206.762	31
206.793	30
206.825	32
206.856	31
206.887	31
206.919	32
206.95	31
206.982	32
207.013	31
207.045	32
207.087	42
207.118	31
207.149	31
207.181	32
207.213	32
211.218	4005
211.259	32
211.29	31
211.322	32
211.353	31
211.385	32
211.417	32
211.448	31
211.479	31
211.511	31
211.542	31
211.573	31
211.605	31
211.637	32
211.668	31
211.704	36
211.736	32
211.768	32
211.799	31
211.83	31
211.861	31
211.892	31
211.924	32
211.96	36
211.991	31
212.028	37
212.063	35
212.097	34
212.129	32
212.16	31
212.195	35
212.227	32
212.259	32
212.29	31
212.322	32
212.353	31
212.385	32
212.417	32
212.448	31
212.479	31
212.511	32
212.542	31
212.574	32
212.605	31
212.636	31
212.669	33
212.7	31
212.731	31
212.762	31
212.793	31
212.869	76
212.9	31
212.931	31
212.962	31
212.994	32
213.026	32
213.057	31
213.088	31
213.12	32
213.15	30
213.183	33
213.214	31
213.246	32
213.277	31
213.308	31
213.339	31
213.37	31
213.417	46
213.449	32
213.487	38
213.518	31
213.55	32
213.581	31
213.611	30
213.643	32
213.674	31
213.707	33
213.74	33
213.771	31
213.803	32
213.834	31
213.865	31
213.896	31
213.928	31
213.96	32
213.991	31
214.022	31
214.053	31
214.086	32
214.126	40
214.157	31
214.188	30
214.22	31
214.252	32
214.283	31
214.315	32
214.346	31
214.377	31
214.408	31
214.44	32
214.473	33
214.533	60
214.592	59
214.632	40
214.669	37
214.7	31
214.731	31
214.77	39
214.802	32
214.834	31
214.866	32
214.898	32
214.929	31
214.96	31
214.991	31
215.022	31
215.053	31
215.084	31
215.116	32
215.148	31
215.18	32
215.212	32
215.244	32
215.276	32
215.308	32
215.339	31
215.371	32
215.409	38
215.441	32
215.472	31
215.504	32
215.535	31
215.566	31
215.599	32
215.63	31
215.662	32
215.693	31
215.725	32
215.756	31
215.788	32
215.819	31
215.851	32
215.916	65
215.961	44
216.004	43
216.035	31
216.066	31
216.098	31
216.13	32
216.161	31
216.193	32
216.225	32
216.259	34
216.292	33
216.324	32
216.355	31
216.386	31
216.418	32
216.448	30
216.48	32
216.512	31
216.544	32
216.575	31
216.607	32
216.638	31
216.687	49
216.719	31
216.75	31
216.782	32
216.813	31
216.844	31
216.875	31
216.907	32
216.939	32
216.971	32
217.003	32
217.034	31
217.07	36
217.102	31
217.134	32
217.165	30
217.196	31
217.227	31
217.26	32
217.292	32
217.328	36
217.363	35
217.394	31
217.426	32
217.457	31
217.49	33
217.521	31
217.553	32
217.585	32
217.616	31
217.647	31
217.678	31
217.709	31
217.74	31
217.772	32
217.804	32
217.836	32
217.867	31
217.9	33
217.931	31
217.97	39
218.009	39
218.046	33
218.077	31
218.11	33
218.143	33
218.174	31
218.217	43
218.274	57
218.309	35
218.34	31
218.371	31
218.404	32
218.435	31
218.467	32
218.499	32
218.529	30
218.566	37
218.625	59
218.658	33
218.713	55
218.746	33
218.777	31
218.809	32
218.84	31
218.871	31
218.902	31
218.934	32
218.965	31
218.997	32
219.028	31
219.06	31
219.091	31
219.122	31
219.153	30
219.185	32
219.218	33
219.249	31
219.281	32
219.312	31
219.343	31
219.374	31
219.415	41
219.446	31
219.478	32
219.509	31
219.54	31
219.572	32
219.603	31
219.634	30
219.666	32
219.697	31
219.728	31
219.76	32
219.792	32
219.823	31
219.854	31
219.887	33
219.919	32
219.95	31
219.982	32
220.013	31
220.048	34
220.081	33
220.113	32
220.145	32
220.176	30
220.208	32
220.239	31
220.27	31
220.302	32
220.333	31
220.365	32
220.396	31
220.428	32
220.46	32
220.492	32
220.529	37
220.563	33
220.595	32
220.628	33
220.662	34
220.694	32
220.725	31
220.756	31
220.787	31
220.818	30
220.85	32
220.881	31
220.913	32
220.948	35
220.979	31
221.01	31
221.042	32
221.075	33
221.106	31
221.138	31
221.169	31
221.201	31
221.232	31
221.264	32
221.295	31
221.327	32
221.358	31
221.39	32
221.422	32
221.453	31
221.485	32
221.516	31
221.548	32
221.58	32
221.611	31
221.643	32
221.674	31
221.705	31
221.736	31
221.768	32
221.808	40
221.84	32
221.871	31
221.902	31
221.934	32
221.965	31
221.997	32
222.028	31
222.06	32
222.091	31
222.123	32
222.155	32
222.188	33
222.218	30
222.249	30
222.281	32
222.313	32
222.344	31
222.376	32
222.407	31
222.448	41
222.48	32
222.513	33
222.546	32
222.578	32
222.611	33
226.612	4001
226.653	33
226.683	30
226.715	31
226.746	31
226.778	32
226.809	31
226.842	33
226.873	31
226.904	31
226.936	32
226.967	31
226.999	31
227.031	32
227.063	32
227.094	31
227.125	31
227.157	31
227.188	31
227.22	31
227.252	32
227.283	31
227.314	31
227.346	32
227.378	32
227.408	30
227.441	32
227.472	31
227.503	31
227.534	31
227.573	39
227.604	31
227.636	31
227.668	32
227.699	31
227.731	32
227.764	33
227.795	31
227.826	31
227.857	31
227.889	32
227.921	32
227.952	31
227.983	31
228.014	31
228.046	31
228.077	31
228.109	31
228.142	33
228.174	32
228.209	35
228.241	32
228.272	31
228.303	31
228.335	31
228.366	31
228.398	32
228.43	31
228.462	32
228.492	30
228.524	32
228.556	31
228.588	32
228.619	31
228.651	32
228.683	32
228.713	30
228.744	30
228.777	32
228.809	32
228.848	39
228.881	32
228.913	32
228.944	31
228.976	32
229.009	33
229.04	31
229.071	31
229.103	32
229.134	31
229.165	31
229.196	31
229.227	31
229.259	32
229.29	31
229.321	31
229.353	32
229.384	31
229.415	30
229.447	32
229.489	42
229.52	31
229.552	31
229.583	30
229.615	31
229.647	32
229.679	32
229.71	31
229.742	32
229.773	31
229.807	34
229.851	44
229.891	40
229.923	32
229.954	31
229.986	32
230.017	31
230.049	32
230.08	31
230.116	36
230.149	33
230.18	31
230.212	32
230.243	31
230.274	31
230.306	32
230.337	31
230.369	32
230.4	31
230.431	31
230.462	31
230.493	30
230.524	31
230.556	32
230.587	31
230.618	31
230.65	32
230.681	31
230.713	31
230.744	31
230.775	31
230.814	39
230.854	40
230.89	36
230.924	34
230.961	37
230.992	31
231.023	31
231.054	31
231.086	32
231.118	32
231.15	32
231.182	32
231.213	31
231.244	31
231.276	31
231.307	31
231.339	32
231.37	31
231.418	48
231.45	32
231.48	30
231.512	32
231.543	31
231.575	32
231.607	32
231.638	31
231.669	31
231.7	31
231.732	31
231.764	32
231.795	31
231.827	31
231.858	31
231.915	57
231.956	41
231.994	38
232.07	76
232.103	32
232.134	31
232.165	31
232.196	31
232.227	31
232.258	31
232.31	51
232.347	37
232.38	33
232.411	31
232.443	32
232.474	31
232.505	31
232.536	31
232.568	31
232.599	31
232.631	31
232.661	30
232.692	31
232.723	31
232.755	32
232.786	31
232.833	46
232.866	33
232.897	31
232.929	32
232.961	32
232.992	31
233.024	31
233.055	31
233.086	31
233.118	32
233.149	31
233.181	32
233.212	31
233.244	32
233.276	32
233.316	40
233.348	32
233.38	32
233.413	33
233.447	34
233.478	31
233.51	32
233.542	32
233.573	31
233.607	34
233.638	31
233.67	32
233.701	31
233.733	31
233.765	32
233.796	31
233.827	31
233.858	31
233.89	32
233.922	32
233.957	35
233.989	32
234.02	31
234.054	34
234.086	32
234.119	33
234.15	31
234.181	31
234.213	32
234.244	31
234.276	32
234.308	32
234.339	31
234.37	31
234.401	31
234.433	31
234.465	32
234.497	32
234.528	31
234.558	30
234.596	37
234.628	32
234.66	32
234.691	31
234.722	31
234.754	32
234.785	31
234.815	30
234.846	30
234.878	31
234.909	31
234.941	32
234.972	31
235.003	31
235.034	31
235.065	31
235.096	31
235.128	32
235.16	32
235.191	31
235.223	32
235.254	31
235.286	32
235.317	31
235.349	32
235.381	32
235.413	32
235.449	36
235.482	33
235.514	32
235.545	31
235.577	32
235.613	36
235.654	41
235.697	43
235.751	54
235.799	48
235.844	45
235.906	61
235.95	44
235.988	38
236.022	34
236.056	34
236.087	31
236.118	31
236.149	31
236.181	32
236.213	32
236.244	31
236.275	31
236.307	32
236.339	32
236.378	39
236.419	40
236.458	39
236.499	41
236.539	40
236.579	40
236.619	40
236.659	40
236.699	40
236.739	40
236.78	41
236.819	39
236.858	39
236.898	39
236.939	39
236.978	39
237.019	41
237.058	39
237.099	40
237.139	40
237.179	40
237.218	39
237.259	40
237.298	39
237.338	40
237.37	31
237.418	48
237.456	38
237.499	43
237.538	39
237.569	31
237.6	31
237.631	31
237.663	31
237.695	32
237.727	32
237.801	74
237.846	45
237.89	44
237.922	32
237.953	31
237.985	32
238.017	32
238.049	32
238.08	31
238.112	32
238.144	32
238.175	31
238.207	32
238.239	32
238.27	31
238.302	32
238.334	32
238.366	32
238.396	30
238.435	38
238.468	33
238.499	31
238.53	31
238.562	32
238.594	32
238.625	31
238.656	31
238.688	31
238.719	31
238.75	31
238.782	32
238.814	32
238.845	31
238.876	31
238.907	31
238.939	32
238.973	34
239.004	31
239.036	32
239.076	40
239.108	32
239.138	30
239.17	31
239.202	32
239.233	31
239.264	31
239.295	31
239.326	31
239.358	32
239.389	31
239.421	32
239.453	32
239.484	31
239.516	32
239.55	34
239.584	34
239.615	31
239.648	33
239.679	31
239.751	71
239.793	42
239.836	43
239.867	31
239.899	32
239.93	31
239.961	31
239.993	32
240.026	33
