35
31
32
39
32
30
32
31
33
30
32
31
31
32
35
33
40
31
30
31
32
36
32
32
38
31
32
32
32
31
31
34
31
31
40
32
35
33
33
31
36
32
31
31
32
32
31
31
32
30
32
32
31
34
31
30
30
30
31
31
32
34
31
30
30
31
33
31
31
32
32
32
31
31
32
32
32
31
39
38
31
31
31
33
32
32
30
31
31
36
32
36
36
33
40
35
35
32
37
31
31
31
34
32
30
32
31
31
32
30
32
33
32
33
34
31
32
33
35
32
31
32
33
31
31
31
32
31
31
30
31
32
35
31
33
31
31
33
32
31
31
32
38
39
32
31
32
31
31
31
31
32
30
30
30
35
36
31
31
31
30
34
32
32
31
32
31
35
31
31
31
32
32
35
32
31
32
31
32
30
30
32
32
32
31
31
31
32
31
32
31
31
31
30
31
33
34
35
34
31
32
30
32
32
31
31
31
32
31
31
31
33
30
71
70
94
49
38
40
40
40
40
41
38
39
40
40
40
40
39
40
40
40
40
40
40
40
40
40
40
40
34
35
36
31
31
32
31
31
31
34
32
31
31
31
31
31
31
32
32
32
33
30
31
31
31
32
31
31
32
30
30
34
32
31
31
32
33
47
33
34
44
32
31
32
34
33
32
32
32
31
31
32
34
31
32
31
31
32
33
31
31
31
33
42
35
31
32
31
32
35
31
32
32
31
33
31
31
32
30
32
30
34
35
41
38
32
31
32
31
38
32
31
31
32
32
31
30
32
31
38
31
33
31
31
30
31
31
31
31
33
32
31
41
32
37
31
32
38
32
31
31
35
31
31
31
30
30
31
31
32
32
32
31
31
33
31
31
35
39
32
35
32
32
35
34
31
32
31
31
32
34
32
32
33
33
31
31
32
32
31
33
33
32
31
30
31
31
30
30
31
32
38
32
31
31
31
39
31
31
31
32
31
31
31
35
39
30
34
30
31
31
31
32
31
31
31
32
31
32
31
33
31
31
31
32
30
31
31
30
30
31
32
32
32
32
31
31
31
31
32
31
30
31
32
30
31
34
44
31
32
33
31
32
32
32
31
31
38
48
