35
35
34
35
36
35
35
35
37
35
35
36
35
36
34
35
35
35
39
34
35
35
35
34
35
34
36
35
35
36
35
37
44
56
34
36
35
34
35
36
40
36
35
35
36
35
34
35
35
35
35
34
35
35
36
34
35
35
33
34
35
36
43
36
35
36
34
34
34
36
35
36
34
35
36
35
35
38
35
35
35
35
35
35
35
34
34
35
36
42
35
35
35
35
35
35
40
37
52
34
35
35
35
36
35
35
34
35
35
36
34
35
35
35
47
51
35
37
35
35
35
36
35
35
36
35
35
35
40
35
35
37
34
36
37
36
35
34
35
35
35
36
35
36
34
34
35
35
35
34
35
40
37
36
35
35
35
35
35
34
35
35
36
35
35
36
35
36
35
36
35
35
35
35
34
35
35
34
35
47
36
35
35
34
35
35
46
34
36
35
36
36
36
34
34
36
35
35
35
35
35
36
35
37
40
34
35
35
36
36
35
40
34
35
35
35
34
35
35
36
35
36
46
35
35
36
35
38
36
35
34
35
35
35
35
36
36
35
42
36
35
37
36
36
35
40
35
34
35
81
34
35
35
35
36
36
39
35
34
35
41
35
36
35
36
35
35
39
37
35
35
37
35
36
39
37
42
36
35
35
36
35
36
35
37
35
35
35
38
35
35
38
37
81
35
36
35
35
35
41
35
35
41
35
34
35
35
36
49
35
36
35
35
37
36
39
35
35
35
35
34
35
35
35
35
36
35
37
35
34
35
35
36
35
35
35
35
35
35
35
36
36
40
37
38
35
36
36
36
34
36
36
35
35
35
36
36
35
37
39
38
76
36
35
37
36
36
35
36
36
35
36
39
35
36
35
36
38
39
35
35
34
34
35
35
36
35
36
35
35
34
36
35
35
34
40
40
35
35
35
35
35
35
36
35
35
36
35
35
36
35
34
35
128
37
35
37
34
35
35
34
34
35
35
35
35
55
36
37
37
35
35
36
35
38
36
35
35
36
34
41
37
37
38
35
37
61
35
35
36
35
36
34
36
34
35
37
39
34
35
35
36
36
35
35
35
34
35
35
34
34
34
36
35
35
35
34
37
36
35
38
39
69
35
36
35
35
35
35
35
34
35
35
35
36
35
35
35
37
39
35
35
34
34
35
39
35
35
40
36
34
36
34
36
35
35
36
35
35
36
35
35
35
35
36
34
34
37
36
36
37
35
36
36
35
35
35
36
35
35
36
35
35
35
34
35
36
35
35
36
35
40
34
35
35
34
35
35
36
36
35
35
35
36
35
35
35
34
36
35
36
37
35
36
36
35
35
35
37
34
35
34
36
35
35
36
35
35
36
37
35
36
35
35
35
37
60
35
35
36
35
35
36
35
35
37
35
38
36
34
35
35
35
35
35
36
35
35
35
34
35
35
35
36
73
37
35
35
35
37
39
40
39
47
66
36
39
70
37
36
39
36
36
64
35
36
45
49
74
58
54
92
52
57
45
41
49
62
38
37
53
40
42
37
66
58
36
37
53
65
75
52
54
36
40
49
61
50
35
57
36
42
36
46
34
38
35
36
45
65
104
38
88
35
39
46
43
40
37
45
35
38
46
49
52
37
40
36
46
50
50
57
51
36
39
37
35
36
36
36
37
36
37
36
35
35
35
35
35
35
38
36
45
34
34
36
40
35
35
38
35
36
35
36
35
37
35
35
34
35
36
37
36
35
36
49
36
35
36
35
35
38
35
35
35
35
45
35
35
36
38
35
37
37
35
35
35
35
37
36
35
39
35
35
35
37
35
34
35
35
37
35
35
35
35
71
35
35
35
36
37
35
35
35
34
35
35
36
37
37
39
34
36
35
35
35
37
35
35
35
40
35
36
35
47
50
37
35
36
35
36
36
37
44
39
37
36
36
36
40
36
36
37
35
36
35
35
35
36
35
35
35
38
36
35
35
36
34
35
37
57
37
35
36
35
37
39
35
36
35
35
34
35
35
34
35
34
48
35
35
35
35
34
36
35
36
36
35
35
36
35
35
37
35
38
37
35
35
36
36
35
35
36
36
36
35
36
36
35
36
36
46
39
35
37
36
38
35
36
35
36
36
36
35
35
36
36
34
37
37
42
34
36
35
35
35
35
35
35
35
35
36
35
36
35
35
35
36
42
35
36
35
36
35
36
35
34
36
35
34
35
34
35
35
36
43
35
34
36
37
36
35
35
35
36
34
36
36
35
35
35
34
36
35
35
34
34
35
35
40
35
36
35
35
35
35
36
36
37
37
38
55
35
36
36
36
35
35
35
34
35
35
34
36
35
35
35
36
37
38
34
35
33
35
35
35
35
35
35
35
36
35
35
35
35
35
37
41
35
35
41
34
35
35
35
35
36
36
35
34
35
35
37
37
34
35
36
35
35
34
35
44
36
36
45
34
36
36
37
36
35
38
36
36
35
35
37
37
37
35
34
35
36
35
34
37
35
37
37
35
35
35
36
35
35
35
34
35
35
34
35
34
38
35
36
35
35
37
37
35
35
35
35
39
36
35
35
35
35
35
35
36
35
37
35
36
56
35
35
34
36
35
35
34
37
35
35
35
35
36
35
34
36
41
37
35
35
35
36
35
34
35
35
37
35
35
34
37
34
35
36
39
35
36
35
36
35
36
37
36
35
37
35
35
35
35
36
35
36
46
35
35
34
36
36
37
39
37
35
34
34
35
35
35
35
36
36
36
35
36
35
35
36
34
35
35
35
38
40
35
35
35
35
35
35
68
36
35
36
35
35
34
35
36
35
35
35
35
37
55
37
40
34
36
35
34
35
34
36
35
37
36
35
35
34
35
35
34
35
41
36
35
35
35
35
35
34
35
35
35
35
35
35
35
35
35
39
52
35
35
35
36
34
36
35
37
48
38
37
35
35
35
35
36
43
35
37
35
35
34
36
35
35
36
38
35
35
39
35
35
36
52
44
34
35
40
35
59
49
41
35
35
35
35
34
35
35
36
47
34
35
35
35
37
36
36
34
34
35
36
34
35
36
35
34
36
40
37
35
36
36
34
34
35
39
35
35
35
35
35
37
35
35
34
35
35
34
36
34
36
34
35
36
35
40
39
35
35
34
37
38
41
34
35
35
35
36
35
40
35
36
35
35
36
34
35
35
36
36
71
35
34
40
35
35
36
36
35
35
37
36
35
35
34
36
37
43
34
35
34
34
35
34
36
36
35
35
35
35
37
40
39
36
35
35
35
37
35
34
34
36
36
35
35
35
35
36
35
34
34
35
37
39
36
34
35
36
35
34
35
34
35
34
34
34
35
35
35
36
37
41
34
35
40
36
35
34
35
35
35
35
34
35
35
35
35
36
37
37
36
35
35
34
36
35
34
35
34
35
35
35
37
37
35
35
36
41
35
36
35
36
35
35
34
35
35
34
35
35
34
35
36
35
36
35
35
34
36
35
35
37
35
35
35
36
34
36
35
34
36
35
36
38
35
37
36
36
34
34
36
36
35
35
35
35
35
37
36
34
39
36
37
35
37
36
36
35
37
36
37
35
35
37
35
35
35
35
59
36
35
37
35
36
35
35
35
37
34
34
34
36
35
34
40
35
35
34
34
36
34
35
35
35
34
36
36
35
35
35
35
35
35
36
39
35
38
37
35
34
35
43
36
35
35
35
36
39
35
35
35
36
37
36
37
35
